1 1198
2 1555
3 1745
4 1795
5 1843
6 1875
7 1964
8 2000
9 2090
10 2143
11 2160
12 2220
13 2290
14 2351
15 2489
16 2511
17 2531
18 2555
19 2638
20 2748
21 2815
22 2857
23 2886
24 2995
25 3067
26 3090
27 3111
28 3190
29 3223
30 3302
31 3365
32 3407
33 3460
34 3504
35 3526
36 3551
37 3602
38 3621
39 3638
40 3655
41 3676
42 3689
43 3712
44 3777
45 3799
46 3829
47 3876
48 3896
49 3922
50 3949
51 3958
52 4003
53 4013
54 4036
55 4147
56 4177
57 4194
58 4217
59 4226
60 4233
61 4243
62 4286
63 4334
64 4352
65 4364
66 4374
67 4381
68 4396
69 4404
70 4413
71 4432
72 4496
73 4503
74 4513
75 4524
76 4537
77 4544
78 4558
79 4578
80 4585
81 4592
82 4631
83 4640
84 4649
85 4665
86 4685
87 4698
88 4705
89 4715
90 4722
91 4729
92 4736
93 4743
94 4751
95 4758
96 4773
97 4781
98 4799
99 4806
100 4813
101 4832
102 4840
103 4848
104 4865
105 4872
106 4889
107 4911
108 4920
109 4937
110 4946
111 4961
112 4982
113 4992
114 4999
115 5007
116 5014
117 5021
118 5035
119 5043
120 5054
121 5073
122 5080
123 5088
124 5095
125 5105
126 5123
127 5166
128 5176
129 5185
130 5193
131 5214
132 5222
133 5232
134 5246
135 5256
136 5265
137 5275
138 5282
139 5290
140 5297
141 5319
142 5326
143 5333
144 5340
145 5358
146 5374
147 5381
148 5388
149 5397
150 5415
151 5426
152 5435
153 5447
154 5456
155 5465
156 5480
157 5502
158 5525
159 5539
160 5568
161 5585
162 5593
163 5610
164 5637
165 5649
166 5658
167 5665
168 5672
169 5689
170 5696
171 5704
172 5711
173 5718
174 5725
175 5732
176 5739
177 5748
178 5755
179 5762
180 5769
181 5776
182 5783
183 5799
184 5835
185 5842
186 5908
187 5917
188 5924
189 5947
190 5958
191 5965
192 5985
193 5995
194 6010
195 6017
196 6026
197 6044
198 6073
199 6092
200 6099
201 6106
202 6127
203 6134
204 6141
205 6184
206 6202
207 6226
208 6244
209 6267
210 6278
211 6286
212 6293
213 6316
214 6347
215 6358
216 6365
217 6372
218 6383
219 6410
220 6420
221 6430
222 6454
223 6461
224 6468
225 6475
226 6482
227 6489
228 6500
229 6507
230 6514
231 6521
232 6544
233 6571
234 6579
235 6587
236 6595
237 6603
238 6619
239 6632
240 6640
241 6659
242 6667
243 6675
244 6682
245 6708
246 6725
247 6733
248 6748
249 6755
250 6769
251 6794
252 6805
253 6813
254 6820
255 6829
256 6836
257 6843
258 6850
259 6857
260 6869
261 6881
262 6892
263 6952
264 6959
265 6966
266 6973
267 6993
268 7010
269 7019
270 7027
271 7036
272 7047
273 7055
274 7083
275 7094
276 7101
277 7109
278 7116
279 7123
280 7138
281 7151
282 7178
283 7186
284 7209
285 7223
286 7230
287 7237
288 7244
289 7265
290 7272
291 7279
292 7286
293 7293
294 7308
295 7315
296 7327
297 7351
298 7362
299 7376
300 7385
301 7392
302 7399
303 7406
304 7413
305 7420
306 7427
307 7435
308 7442
309 7449
310 7457
311 7464
312 7471
313 7478
314 7485
315 7492
316 7499
317 7520
318 7527
319 7534
320 7541
321 7548
322 7569
323 7578
324 7586
325 7597
326 7606
327 7639
328 7646
329 7653
330 7662
331 7670
332 7678
333 7687
334 7694
335 7702
336 7722
337 7730
338 7738
339 7749
340 7768
341 7776
342 7808
343 7817
344 7826
345 7855
346 7864
347 7877
348 7884
349 7906
350 7919
351 7927
352 7937
353 7945
354 7954
355 7961
356 7968
357 7975
358 7982
359 7989
360 7996
361 8003
