0.542897607268
0.540535273665
0.535088869106
0.52992395061
0.524377652586
0.514630701311
0.507946791575
0.498919708351
0.490902425926
0.483875304059
0.478654784646
0.472064508067
0.468224162383
0.463004550107
0.457567332063
0.454311243958
0.45133249481
0.451527724601
0.449640633592
0.447238418521
0.442225313514
0.440394783366
0.436806130206
0.433476187279
0.43164442893
0.42813466118
0.425005624619
0.421705150958
0.422869625307
0.421195405327
0.417801371923
0.414345626058
0.411995069967
0.410176317997
0.406348608794
0.402044058933
0.397355112772
0.390989677604
0.387185592917
0.382841714264
0.380731884034
0.378003037255
0.375719289869
0.374487348505
0.373863591488
0.372037818758
0.372071281727
0.366154964483
0.364812196077
0.365714570037
0.363079074298
0.358904593846
0.359723856158
0.354814040634
0.352348093457
0.349349205984
0.347614847638
0.348763658419
0.345652299666
0.339147777408
0.335244606912
0.331761804052
0.330656228624
0.329262439154
0.32593580988
0.325716245995
0.32282159955
0.318954660033
0.31329971585
0.305449070943
0.302959062318
0.30174370482
0.301861314557
0.301284604933
0.303369273383
0.304076995619
0.3021239449
0.296954792538
0.297934460219
0.299924013291
0.300270011874
0.300251457405
0.300171747379
0.301941606849
0.298812460903
0.293351401333
0.287015035316
0.285908889724
0.284753289156
0.287315388035
0.288227601233
0.289777973213
0.28986241843
0.289630147903
0.288918924129
0.282235705814
0.282787409772
0.2848474277
0.288958733335
0.287798820587
0.289225062534
0.293043987247
0.293875581991
0.288591399753
0.284778167171
0.279881814133
0.276246169373
0.267171796423
0.265218076392
0.263946039255
0.267378214637
0.268114061856
0.271286238513
0.274542020267
0.278200312406
0.278146220375
0.280226708971
0.278331512413
0.278348283342
0.278586975867
0.278111946889
0.277153548834
0.274991794924
0.274494308056
0.272894376138
0.271439333196
0.271276346532
0.271780824889
0.273629206217
0.269292727239
0.261799560874
0.260584392887
0.259441941066
0.257096864368
0.254035019534
0.252881185896
0.254240288196
0.255939580549
0.257350965773
0.257164307594
0.257408184969
0.260532507167
0.26530220059
0.264120978239
0.264845785016
0.269667900354
0.268038201911
0.265722729287
0.260491628891
0.258595509566
0.257170143413
0.259353069264
0.268914259567
0.268355963096
0.272348063209
0.272329228831
0.269237894903
0.261953371879
0.258895018594
0.259444110492
0.260790740344
0.262142840616
0.262456726298
0.261927793617
0.264307719389
0.260018961453
0.257656306729
0.257351322173
0.252916030579
0.252813943698
0.254444103307
0.256047124047
0.253321218201
0.253936543391
0.248514829656
0.247954381135
0.250259062895
0.249098148503
0.248779478994
0.244809872995
0.239378626845
0.234742279329
0.235000835535
0.238034960889
0.235622528052
0.23420076263
0.233579434623
0.230538850825
0.231590816108
0.24138951539
0.243645244457
0.250446255691
0.248251301982
0.255821715691
0.257786180235
0.256044453191
0.251595638266
0.254561550002
0.25628072813
0.254436543789
0.253933783184
0.256440410683
0.260465320347
0.262055171028
0.261617712045
0.256871154994
0.255236816172
0.24825147807
0.249702294207
0.248938255469
0.246374505832
0.243564369616
0.235962246127
0.237330335438
0.240340787905
0.242662162775
0.24467481165
0.24313695193
0.239926545773
0.238716385531
0.231767079564
0.229856940228
0.223742898336
0.225824208225
0.225620231989
0.228504723996
0.233374786218
0.233919061935
0.235849504164
0.235390000167
0.239319126959
0.240133704469
0.240512907105
0.240644347342
0.242107986788
0.244551485805
0.247035479748
0.248940706581
0.250284709954
0.25601355126
0.258125112574
0.259004453235
0.254984278821
0.256071015556
0.250145124354
0.24764231176
0.245748160672
0.24277764549
0.236718661863
0.23601617258
0.231364410608
0.228138095226
0.228769595355
0.227945864478
0.228154730753
0.229925065874
0.225699107642
0.227566692967
0.225927113772
0.223907500053
0.224309545652
0.221720730034
0.22140163673
0.217875256909
0.214782882407
0.214652064167
0.218397994215
0.224258746579
0.229171035896
0.240887218947
0.241922895076
0.243222648324
0.23998205539
0.236252785438
0.235109522558
0.234314273767
0.2349675507
0.237145918556
0.240201382632
0.240401084952
0.240045937586
0.242258350668
0.243278370259
0.241590041961
0.243168236485
0.246794109488
0.249641627801
0.25053320591
0.247583953229
0.247748372415
0.246029066026
0.245195517523
0.244458318644
0.244980793861
0.245830117456
0.247907527606
0.251417038128
0.254806846276
0.257069292187
0.258252014965
0.259779874348
0.258794029041
0.260413780052
0.25992871084
0.259906258632
0.259880024429
0.261793795441
0.260961390564
0.259227999278
0.256116303346
0.257725429031
0.256888244378
0.25866738915
0.257677070966
0.255128135614
0.252890841896
0.249183307508
0.245995760972
0.242660453914
0.238494307263
0.237551030275
0.236150688671
0.232981061725
0.234525945642
0.239333497131
0.237636007419
0.238435643646
0.239318599616
0.240080581211
0.240705288838
0.2405051603
0.245414605285
0.237141127826
0.241202930719
0.239814875278
0.240307652458
0.239776468891
0.239016263132
0.237655416507
0.242467942993
0.243378609693
0.243006780221
0.244872739546
0.244462351633
0.246322200859
0.245155466629
0.247930317269
0.249024516746
0.254514181709
0.257134022018
0.262534524232
0.269086162563
0.271006555198
0.269166206751
0.268436042076
0.270287840993
0.268409642526
0.265035360074
0.260872901875
0.258013375121
0.247246986048
0.244202344736
0.239879120271
0.233427248035
0.232313728411
0.229543801198
0.23232952803
0.233126810042
0.23246246547
0.231257033899
0.227318740206
0.226807638565
0.227803036816
0.229264420339
0.22952618267
0.226214503981
0.225641084283
0.225607232323
0.224456393278
0.223885469842
0.223505380403
0.228480090611
0.237089225392
0.240117323312
0.244637269932
0.244821981515
0.248682238251
0.252167763992
0.264885883707
0.269613901584
0.271011315801
0.268962595072
0.267552139261
0.265249214165
0.259585581766
0.255564555719
0.248465617869
0.248355846921
0.246285052944
0.246198673141
0.245530677736
0.243509348356
0.246688166399
0.2465447703
0.244895536848
0.241460456803
0.23471636496
0.23141362985
0.227599424389
0.226494323828
0.227044315359
0.231339005596
0.234718397988
0.232592801892
0.230189275749
0.22934134433
0.226885812212
0.231662134046
0.232349631392
0.231290460151
0.228266757789
0.228843613113
0.227241673294
0.225199723656
0.225574237917
0.223728110871
0.220567456335
0.219748788563
0.223217064287
0.22608275471
0.22849971188
0.22948918994
0.230736694044
0.228254050841
0.230412968379
0.232502732777
0.235487846786
0.232867113248
0.234970974283
0.235220684818
0.241205463306
0.247180171844
0.250289744268
0.24824095108
0.251576459286
0.251151757324
0.252226188095
0.251502572685
0.254953889849
0.251742072417
0.247832235158
0.252008321382
0.251745698372
0.256934867036
0.26147733998
0.263168524381
0.265479509823
0.267760759188
0.272853463733
0.27310272715
0.271807003801
0.27076483668
0.277065242814
0.279631783722
0.281100586641
0.281501970256
0.281665601843
0.282560533166
0.282688749159
0.279280755406
0.273840008819
0.2727911618
0.269164745626
0.265887870136
0.264653472895
0.259959023796
0.260590825982
0.255199103573
0.256926980329
0.258230414261
0.256692258821
0.25421156058
0.246978208878
0.242731090959
0.236037179597
0.235155201669
0.236703164166
0.239067953467
0.241132302859
0.241930051659
0.245188452364
0.247617610369
0.249356353804
0.247697018773
0.245932065301
0.24522466751
0.249398044578
0.25461813458
0.250992495437
0.251181390651
0.251209401644
0.253818265353
0.255986250152
0.256533226308
0.25923816218
0.263251196019
0.262590638049
0.262957161963
0.264511568738
0.263757434609
0.259540153475
0.25615185874
0.254619657814
0.253809338537
0.251528309134
0.250269755466
0.248688725245
0.247559401813
0.245107151184
0.242783840391
0.244441834756
0.245985479138
0.250787509712
0.255518211536
0.254962850074
0.257615271895
0.257820701089
0.259098672257
0.258963804007
0.26267808339
0.255973976546
0.255750526174
0.257971650392
0.258838932005
0.260506968328
0.261597502305
0.259606445335
0.261996856508
0.262739296041
0.26356929358
0.265399308411
0.266210396926
0.266183183183
0.264881664787
0.266957209294
0.263999268358
0.269353376495
0.267955582985
0.265378015027
0.257666813102
0.255063110468
0.250682836947
0.246162115436
0.244637077193
0.240628556607
0.237427603835
0.23490856819
0.230549055416
0.228018171755
0.223682275243
0.222810934633
0.222483225285
0.222821304629
0.226142247445
0.223969491041
0.225827840133
0.22883462695
0.233502000902
0.240489701317
0.243322599775
0.245620049488
0.248035476655
0.25007366521
0.245568478213
0.243991240485
0.237637162523
0.233829239224
0.23416822742
0.235622820772
0.235162336731
0.23645550668
0.234388223349
0.236415927552
0.234990398945
0.235874182157
0.239045505028
0.23756642934
0.241158728594
0.241022440979
0.244076624371
0.248608775199
0.248091695457
0.248229758527
0.251099679864
0.249646103797
0.250369976145
0.257534900336
0.256254606173
0.254080251641
0.251788365218
0.248448383892
0.250246398724
0.255402768753
0.250968382978
0.252660819742
0.246600892012
0.242154535686
0.240772155322
0.235153877132
0.235318383436
0.236886221919
0.238013449432
0.2394213433
0.24031260655
0.240246246711
0.24542003532
0.250957361419
0.251945443498
0.256256185228
0.261593701141
0.261980392754
0.260179690183
0.259245642591
0.258517508172
0.254873172378
0.254704658253
0.252297675487
0.255011494665
0.250187571155
0.249952116578
0.246952916328
0.243906406265
0.241873762025
0.241068251492
0.241372484197
0.240002389377
0.236663718089
0.233646703452
0.231480491966
0.22926015498
0.228306776785
0.231186299069
0.228994724646
0.223047751657
0.215498768483
0.210757083081
0.208903562652
0.207421960722
0.21520834831
0.218459731412
0.218723226991
0.223454682613
0.225389389307
0.224245431472
0.223435868279
0.221872070389
0.222185888129
0.223298337783
0.227361664914
0.228522568087
0.233619759367
0.236185825333
0.244377034991
0.243544070427
0.245749714215
0.244625584123
0.241263510761
0.246218703596
0.246159774326
0.244711710461
0.246248905332
0.246485701173
0.241976450256
0.239656482056
0.240541569344
0.241101540823
0.240527409173
0.241828410912
0.245579157581
0.248072047463
0.249810156673
0.254653018931
0.259009169645
0.25625137819
0.258641938747
0.257065591127
0.257776146992
0.256140769758
0.257534130897
0.255187013183
0.248177303093
0.248413184618
0.250890992375
0.257161525915
0.25604298843
0.252509963719
0.245076775901
0.237653034564
0.234902716388
0.230248739557
0.22828011105
0.227954210128
0.227283835132
0.226887394394
0.227461811708
0.228504208753
0.230347418382
0.234520613136
0.238836781048
0.240322257712
0.245382914432
0.24704424779
0.248176096658
0.251066178228
0.256486013675
0.253083178958
0.25326713759
0.257657855813
0.256505652493
0.256804585578
0.25591575068
0.255528986997
0.256401215171
0.264600068106
0.270460284307
0.265911531979
0.264205120857
0.261404939299
0.256330813865
0.254024219543
0.254333566642
0.255696228238
0.254512232191
0.255287294993
0.259840857796
0.26094126834
0.263085118073
0.26077179712
0.26483361044
0.265951023565
0.267383139823
0.270716133268
0.270698503354
0.272147765439
0.276319961486
0.281128587052
0.289573560116
0.292386228481
0.289547303329
0.285213699758
0.278519171443
0.276306707134
0.2742215128
0.268295824868
0.269148287535
0.269539937239
0.273299616742
0.276613028015
0.276862588917
0.276075691448
0.27389028794
0.273119667686
0.273119721853
0.269351523978
0.268720460248
0.268195557601
0.271232025182
0.27178091245
0.273701023813
0.280046634023
0.277884075311
0.277047277572
0.274551931277
0.272052916572
0.265732081382
0.260246223847
0.256560020738
0.255333031525
0.25164452445
0.247655094914
0.2446332504
0.244743173357
0.247588409406
0.245353071524
0.246380906867
0.247756544021
0.258427895997
0.259717119036
0.263703335192
0.259780674912
0.261170785577
0.259738963612
0.26188966869
0.262770063403
0.254956564559
0.249361373101
0.249030455198
0.247909146189
0.252378078593
0.256506733707
0.255177331182
0.258816816275
0.259346113801
0.259113996543
0.260314766403
0.260906054479
0.260293926566
0.259685819567
0.256163784339
0.258420465377
0.25488618896
0.252465853399
0.254479496103
0.254051504311
0.257690526808
0.26268062792
0.268184231757
0.267278246116
0.269055581876
0.269100425918
0.27160332024
0.271269617993
0.270692600673
0.27657877127
0.275618954442
0.271749755119
0.270701097609
0.261751412492
0.261644717135
0.257603300817
0.255646337875
0.253602446135
0.251757744506
0.244129908783
0.24412567308
0.242363543064
0.244585286758
0.243445697764
0.245187940237
0.243536292752
0.24561554473
0.256187937361
0.258816404949
0.260292347519
0.259598883939
0.260278355227
0.260531765994
0.260446568898
0.257344080307
0.254501047066
0.256046084109
0.259273022243
0.256790212993
0.256755792766
0.258903591307
0.263910213598
0.266641734626
0.267598668782
0.26829867691
0.268932683621
0.267928210526
0.271126996782
0.266268757502
0.264014493178
0.262958201052
0.259378359454
0.25789714307
0.255730945327
0.25046683944
0.246501802383
0.242071859843
0.240135235551
0.241020583585
0.242358650236
0.241969502518
0.244506995728
0.246923302379
0.246967565191
0.252499436227
0.252688226875
0.253748518583
0.253425158334
0.250868152638
0.251069024995
0.249482517896
0.249821179675
0.250476769877
0.25127879334
0.252376289416
0.251209757452
0.256251519168
0.256726507145
0.258389420418
0.261808950349
0.260056506508
0.255360467234
0.256026384774
0.257179370445
0.260712587042
0.257980210084
0.25419297424
0.250805469641
0.247453852645
0.244408359674
0.245016790516
0.242373495825
0.238274851181
0.238968724998
0.240898381694
0.238596099537
0.241642352747
0.248002626536
0.251044432781
0.25017437127
0.247358985475
0.242688356834
0.240775223128
0.238406721857
0.238598895645
0.239237215872
0.236207536533
0.234042028412
0.234160555872
0.235462958962
0.236050857737
0.236946197069
0.240139307314
0.246079974163
0.241704577041
0.238229633786
0.237933736825
0.243246040572
0.243906274588
0.245705689374
0.247790907605
0.247224880634
0.250941864894
0.255316817958
0.257360555243
0.257801549082
0.251234630004
0.244379712088
0.242943275453
0.237369403858
0.236084260544
0.234079919696
0.235490094746
0.237174061936
0.231747447579
0.231382125886
0.229869905824
0.22892536252
0.227330413713
0.230438063136
0.231979491394
0.233535402487
0.234898998512
0.227228087921
0.22516513106
0.224672065093
0.225137413418
0.227542326953
0.230355219529
0.230456259275
0.230294207466
0.238974401159
0.240833970911
0.242937543798
0.241730918576
0.24134748659
0.237777281542
0.234540798342
0.227808847436
0.228795066133
0.232885872747
0.233892501467
0.231888015356
0.229368362618
0.225398443112
0.227664997296
0.2320379857
0.23407185729
0.234584634644
0.23600879524
0.236595726342
0.238071383257
0.238147501841
0.238782633715
0.241086736105
0.239330605234
0.238105179248
0.241073440885
0.240896581461
0.243870734471
0.24651151757
0.246829461589
0.248263530321
0.248417523359
0.245697681007
0.247867819493
0.247224650649
0.244536137767
0.238763172674
0.23716296538
0.233905169229
0.235043789768
0.231795318628
0.228782474689
0.228921361075
0.228372138204
0.231024764023
0.234493247494
0.232833332482
0.23093102793
0.232093710277
0.23184266365
0.239602741257
0.239642620252
0.241412291928
0.247825583879
0.252409840087
0.256103638529
0.265863246093
0.27682329706
0.284555036816
0.288757388474
0.300167236797
0.292994244013
0.298000856183
0.300996058726
0.299893185237
0.297247766091
0.30104829789
0.303860751802
0.307008006845
0.305715478265
0.304349814224
0.303254263845
0.303368964109
0.300613468992
0.297927991755
0.296694728369
0.292272465546
0.292631985321
0.290331479807
0.29482435472
0.294903394931
0.293772342667
0.290073094972
0.283866962763
0.27738447888
0.280976547538
0.282283550109
0.278214260136
0.276906520517
0.275193292756
0.271554172578
0.2695660405
0.27029501851
0.277382878041
0.270197093905
0.274260220618
0.269820853243
0.267685798295
0.267088226919
0.264100701821
0.262703345376
0.26158303186
0.26203417204
0.258413261919
0.255962854256
0.251073319452
0.247794627797
0.247209201521
0.247257754843
0.247346719667
0.249301079483
0.253825802626
0.252987807468
0.258975270778
0.259871208971
0.259776772988
0.257918701577
0.256823185007
0.251852532822
0.243572378748
0.240631732161
0.237833767442
0.238102770401
0.237107543189
0.235893362308
0.237176163574
0.237534272179
0.240167779947
0.240513538391
0.241716826161
0.238248768076
0.238851433315
0.238336920638
0.239519174894
0.240445631227
0.240449098881
0.24068517335
0.237386842903
0.235572780282
0.234771175581
0.236797344082
0.23822230173
0.233617007941
0.234792215995
0.231738848399
0.231324800762
0.229337248455
0.227579747268
0.233274841342
0.237159838522
0.240318310996
0.24042518772
0.232512330015
0.232879489585
0.239136787401
0.238738535424
0.241606155557
0.243331929529
0.243905594084
0.241914401893
0.238591260632
0.242506058908
0.243415089831
0.242342456419
0.242368054652
0.238899624947
0.234995495012
0.233814515672
0.230173817016
0.230809213965
0.234918384127
0.237330397904
0.242526160298
0.246596578997
0.25013199164
0.255900637864
0.261417067861
0.268427889498
0.27214558832
0.273732508591
0.27930470126
0.276871348457
0.273952910963
0.274694624118
0.277027361999
0.273747118757
0.270910649952
0.271027374157
0.264464490392
0.261954234743
0.255495210025
0.253579382621
0.249236424507
0.244202314672
0.242512890077
0.239435615223
0.238879912556
0.236472975534
0.238436034097
0.240224291884
0.248923091056
0.252382753268
0.255090105657
0.260642750051
0.264625876341
0.269622391968
0.276184634241
0.275155542435
0.27639104713
0.281350695751
0.280892019365
0.282987774403
0.283125325067
0.281007883371
0.28107355246
0.287642689042
0.290821043791
0.303960287348
0.307302695602
0.315546621744
0.320171705456
0.319783841177
0.31891044497
0.316472954747
0.316141142657
0.30301424812
0.29659027227
0.293000719026
0.288097325459
0.279049064762
0.270377606964
0.262022035615
0.256462499268
0.255243637022
0.249818703224
0.244610567803
0.243607706434
0.241127670884
0.241675878969
0.242464120059
0.243587538072
0.241288055867
0.241741272844
0.242600926419
0.243082393766
0.246322035238
0.245208482223
0.243533106817
0.241467822555
0.239098743145
0.231118748912
0.22528646005
0.222060982102
0.221838938368
0.220027177122
0.217923495286
0.220379655973
0.219573995021
0.221223335482
0.224448949873
0.225616412915
0.22673494297
0.223509973993
0.225244086241
0.231539413564
0.229855113346
0.225306771956
0.224441223212
0.225727793438
0.225712738399
0.234763058902
0.234710192298
0.241890517569
0.242369529821
0.246161111918
0.244327596622
0.259207058925
0.264754736328
0.264556892218
0.266207398903
0.265627968032
0.267181097463
0.261415978068
0.258661206943
0.252635558132
0.249733753029
0.247292584347
0.248459678998
0.251259697383
0.248226284074
0.246853615801
0.244541130611
0.243907910373
0.246363790359
0.248127584088
0.25189407778
0.247930208236
0.244294029096
0.243639795692
0.245816750351
0.243069457356
0.241403511989
0.242659809085
0.242634656637
0.241629930483
0.24196263155
0.239934060719
0.243024923378
0.24621935475
0.244339856546
0.2412004543
0.240094502435
0.244184640228
0.243271117097
0.241904972409
0.241995050582
0.242142714965
0.237499894054
0.233466912005
0.23499615433
0.236515604509
0.235342227463
0.233378848841
0.238888785159
0.244473712646
0.245003657961
0.250914031481
0.256466449178
0.2571557484
0.256511304584
0.254333158534
0.255054935598
0.253330248691
0.253166475401
0.253664651109
0.253290195882
0.254803781139
0.253625612994
0.253049786408
0.254094560271
0.254026178432
0.258337267397
0.259822528198
0.261870242958
0.260813473487
0.260240326191
0.259897793806
0.265413605734
0.270065726793
0.267302874209
0.270849818324
0.273060434343
0.276315396634
0.27637385622
0.275254031742
0.274732440656
0.275342517535
0.272596498877
0.271062008294
0.272000827294
0.270353239872
0.269024706427
0.265605366187
0.263312440727
0.260959181111
0.257315900465
0.254293805423
0.253919089571
0.254643754546
0.256900616366
0.254574511262
0.25571663745
0.258444370381
0.260020917115
0.260121805648
0.25859899235
0.257708639903
0.255560025651
0.253695937326
0.255080709635
0.258359952422
0.258500222856
0.257156740393
0.254147270152
0.25928809107
0.254795768657
0.25077061772
0.248797221435
0.248302403189
0.248166220498
0.252153239235
0.246796354145
0.241730141717
0.239350276197
0.234555512345
0.233377624602
0.231591945953
0.230192235055
0.227826090423
0.226802302391
0.229283581748
0.226060055877
0.221761826389
0.221180600948
0.220709720155
0.220435040117
0.224894333696
0.222538590833
0.223292166262
0.222244226377
0.22275211159
0.223793102676
0.226246909545
0.225722743456
0.228147955428
0.227743028173
0.225081958022
0.22937580572
0.22986308194
0.231415797828
0.232211767543
0.235092665441
0.238775564311
0.245710365905
0.246327329458
0.247994932445
0.251348029962
0.245031139261
0.244692676144
0.242106408552
0.239860079957
0.238332730412
0.23402258111
0.232278351506
0.23427564546
0.234698608558
0.234824400865
0.233393037609
0.2385826881
0.238846464474
0.237551347485
0.235392508704
0.235701144601
0.236562302137
0.241548763595
0.24728556098
0.250567327955
0.25907759775
0.262743251688
0.26270712049
0.265093174686
0.268607245433
0.266797788854
0.265623377395
0.262575365992
0.262299450059
0.260054319886
0.256425948023
0.256340146828
0.252407007168
0.252216390398
0.25379975465
0.252012484832
0.24816338951
0.247522543977
0.245542502023
0.245888464429
0.2428300282
0.241519163239
0.241864417269
0.246304284445
0.245509058758
0.241906975733
0.238778486849
0.238146371633
0.235442206426
0.238103405734
0.242802603956
0.248016116775
0.247185198923
0.24443687656
0.243741177554
0.244693795463
0.244037951191
0.244409935415
0.241319222006
0.243841613137
0.245899362865
0.247490834612
0.244849934419
0.243165747699
0.243562992803
0.243251151782
0.245196000256
0.245055456186
0.246935188582
0.247818199876
0.245937527297
0.246243234116
0.249028086967
0.251997951018
0.253897022993
0.255296559421
0.256141035985
0.250929847085
0.248313339225
0.249016838735
0.248100209
0.249834233785
0.250823919459
0.257074547449
0.254749596462
0.258390947323
0.257700838276
0.249260029924
0.24629093609
0.24338993913
0.245068019529
0.242880223184
0.239573928309
0.237588141605
0.237158621079
0.234098938042
0.228492448828
0.225643445273
0.219617784129
0.221477813957
0.221052610051
0.225533294937
0.227097578005
0.224145011416
0.218834087871
0.219319542597
0.218032941571
0.218514242151
0.217529441361
0.214744307287
0.217101063214
0.216648527499
0.214008120493
0.211436428497
0.210911806525
0.210290595166
0.212858668897
0.214997330828
0.213240440177
0.214990630489
0.224267351788
0.227588866642
0.226921973773
0.222263632571
0.221623974906
0.215568986345
0.21602718696
0.218165258574
0.222154434676
0.220200164576
0.220540913366
0.220497518697
0.222116124946
0.226739735505
0.227988128096
0.226533387331
0.228149768551
0.231506286473
0.235085818661
0.238877950067
0.236426855216
0.237807537902
0.240473894111
0.24191969915
0.243435221764
0.24705095229
0.242008997018
0.239406490324
0.237055002866
0.238714332017
0.237391351071
0.236302312255
0.233768813489
0.232663311073
0.234593513694
0.238946479027
0.239205599369
0.238746614603
0.240043925903
0.242794361743
0.249251001024
0.249526867847
0.247983399697
0.250250715315
0.249673920098
0.250991804362
0.247953657629
0.244073445853
0.244634522967
0.240448000675
0.238051767032
0.235452853805
0.233556866659
0.235479694031
0.236637080014
0.23628164858
0.236544334835
0.241762751917
0.244456414278
0.251690159627
0.260106687564
0.264092599444
0.262583110791
0.260854713228
0.260041593677
0.256115502589
0.252648132212
0.248712595727
0.245763448439
0.24529740164
0.245409984905
0.243531960237
0.243673350979
0.248893536693
0.245500814798
0.242376379427
0.238064970944
0.235840183213
0.233204475928
0.226702106066
0.219505002759
0.220277651293
0.220418760689
0.219926435257
0.217632026264
0.21646701873
0.217744357045
0.220411082263
0.222031234405
0.224740862015
0.229196596742
0.233784054208
0.237986008982
0.241618637691
0.249558466956
0.24370057529
0.244646037987
0.246066370528
0.251067733239
0.25539991264
0.264259498288
0.264781595563
0.266796210486
0.27094958925
0.27083630168
0.270875055896
0.272873496915
0.282116545904
0.285754272208
0.292663140368
0.295450830137
0.297342645204
0.296632578202
0.29304726297
0.289773032223
0.287236541067
0.280069989355
0.277804863115
0.272315514551
0.267635984693
0.264604489597
0.258145710905
0.257787285418
0.257207217561
0.26085487469
0.268437458102
0.273678838427
0.275474146539
0.275571734409
0.276806188129
0.274096916903
0.274525956636
0.272264734159
0.267384424055
0.26669626226
0.265142134022
0.26663633023
0.267697918688
0.267820977047
0.262691441548
0.258610722107
0.256920392304
0.255727504075
0.255483744595
0.258541445847
0.260045225134
0.259187925321
0.260158614319
0.259864545448
0.262529518699
0.257364148731
0.249420342394
0.244813849482
0.240169721451
0.238042051378
0.239316721675
0.2388268444
0.241494642228
0.241294440347
0.239518133516
0.236258535635
0.234641560343
0.233735026194
0.235253304208
0.229601078597
0.227469270164
0.230020037446
0.232704698698
0.242389330776
0.248560040592
0.24876440307
0.246036303851
0.246007858517
0.244553109759
0.244862522156
0.245791121187
0.251812387488
0.250329163878
0.248044522231
0.246796547569
0.246141572815
0.244486457134
0.243429559596
0.242395240885
0.238166406675
0.237443859781
0.239956021125
0.239373038721
0.236668654284
0.2331107977
0.238150854062
0.239797099455
0.244635965321
0.245962453174
0.243309156364
0.245622395135
0.248171559758
0.248407152261
0.248354133506
0.247147424978
0.249929804858
0.247676242372
0.245598578442
0.247025133724
0.246435410664
0.246662211016
0.244437622309
0.24260172705
0.242875309113
0.246252624003
0.249377759197
0.255053114004
0.252318167375
0.250597398773
0.246305355243
0.245759950583
0.244687897513
0.244513211686
0.242004616681
0.24035580391
0.235701333186
0.234980781862
0.233563599872
0.233152423996
0.230597333918
0.229374059132
0.22767048609
0.228887589316
0.227682024601
0.225071474856
0.22418510428
0.224918615391
0.227926447605
0.227671008139
0.227544978567
0.231634619171
0.236122850265
0.243438204235
0.248473001964
0.250484474987
0.254762082075
0.256172708867
0.255561680816
0.254475484905
0.252750211203
0.255375717871
0.256478583431
0.258956617913
0.266277809524
0.267167039255
0.275162656707
0.287653777809
0.295821298455
0.302335456281
0.303663223092
0.310190205492
0.311798924598
0.311699305953
0.310664733612
0.31141022422
0.311054012535
0.306427431478
0.304429651337
0.300187310595
0.301394609226
0.298826746331
0.300215620689
0.301808261893
0.299425458909
0.298819625692
0.304011177032
0.300263107906
0.293564415858
0.293800167426
0.291559032853
0.290450917471
0.292361880498
0.28815719902
0.287480711693
0.288718608859
0.290868871774
0.29020880158
0.286617941204
0.287679937247
0.285659384404
0.279459630932
0.273227681678
0.271345453505
0.266818254903
0.267772963638
0.273481254596
0.273848400489
0.277637100596
0.277507280072
0.279385662707
0.2818632083
0.284177003519
0.283709994138
0.287738967586
0.292054748918
0.290004113037
0.294259889804
0.292388985597
0.294764109897
0.295877115493
0.297133060958
0.295039127553
0.292232772328
0.292542333035
0.293417842948
0.291769123329
0.28608451569
0.282657318909
0.276230199844
0.277732985074
0.2764929587
0.275591478043
0.270278528309
0.271493358575
0.270417689641
0.26535631124
0.259285720064
0.260353246967
0.261201703689
0.260866137939
0.260271447592
0.257463034046
0.259863818294
0.261499409633
0.258287392324
0.258713373066
0.259710127564
0.258326930715
0.257442957878
0.253095313804
0.249527175262
0.24462467163
0.244198195316
0.243434597421
0.245573357269
0.244356169642
0.245232313149
0.242843902838
0.241396833641
0.243013166617
0.243810620604
0.245306206947
0.242952124488
0.24588665125
0.24839463846
0.246736862258
0.246763927719
0.24471987843
0.24545910161
0.247083413357
0.24771713463
0.249946379471
0.249435504663
0.247064167059
0.248228393918
0.247753383852
0.246717161344
0.244199756728
0.243521797624
0.243763198168
0.24357748826
0.242036443363
0.23735032508
0.236349458898
0.238360713793
0.236346087594
0.23802325039
0.237606144234
0.239663059123
0.237679717176
0.238455460535
0.234604642066
0.234695686838
0.237571642177
0.239408509543
0.239258517786
0.244089387315
0.242018081261
0.248195160067
0.24508092221
0.24572393467
0.244691128891
0.245280302954
0.247160248622
0.242933004618
0.246762468001
0.244957886314
0.241390236645
0.241217152855
0.241528726036
0.237594879093
0.233956564312
0.236316388231
0.238042051451
0.243324352391
0.243965637032
0.242647651806
0.239235688495
0.237218476367
0.23609782852
0.236580977357
0.238621659024
0.240174630912
0.245472333809
0.248569734935
0.25131574522
0.253783876421
0.254569052927
0.253549216584
0.252623228214
0.258785246505
0.25570807179
0.25564041865
0.254717251616
0.25345232468
0.255501208142
0.255348708709
0.255519073536
0.253788565395
0.259206831892
0.256836877978
0.254573415272
0.2511989249
0.249461366343
0.247722394114
0.247234560228
0.244466755747
0.242558854648
0.241237822767
0.242472914626
0.239702059751
0.239225686694
0.239738089259
0.240109914663
0.243491635958
0.249635028956
0.254684139642
0.259173123388
0.260864708931
0.264785444211
0.265959829238
0.269762407679
0.277682930264
0.281429929489
0.286447779926
0.292864617781
0.291431974389
0.288749732907
0.287918748735
0.284292448696
0.283137891213
0.280109894784
0.27751240431
0.273422838502
0.269792661017
0.25981160804
0.253802459459
0.249718397845
0.245509105365
0.245383406526
0.24442002132
0.243379671621
0.24135796153
0.238342472968
0.241588588696
0.238132369626
0.237074260368
0.235207993408
0.237439496898
0.240907073729
0.246485104483
0.262444622816
0.264284658649
0.267806682989
0.267818690397
0.266043675006
0.266979755423
0.273843384637
0.273452419332
0.27424833293
0.271057837416
0.264400740483
