0.542897607268
0.542335776386
0.54176591004
0.541215889437
0.540647007229
0.540079668944
0.539523560632
0.538942378787
0.538396861182
0.537843260016
0.537253929918
0.536672407069
0.536101582466
0.535578499794
0.535006848572
0.534426671185
0.533875101311
0.533264467184
0.532691027707
0.532130999611
0.531551245828
0.530968973766
0.530341997728
0.529775643451
0.529202070806
0.528553296282
0.528001189711
0.527386519286
0.526820889179
0.526251239665
0.525677678851
0.525036039177
0.524463331112
0.523899596581
0.523282377027
0.522701048806
0.52215883645
0.521564772068
0.520993595534
0.520353652632
0.51972517019
0.519082884644
0.518483290946
0.517870064032
0.517310552977
0.516701271694
0.516095911703
0.515465455855
0.514874905527
0.514247118111
0.513638041241
0.513089795382
0.51251547121
0.511970130563
0.51137047031
0.510667654843
0.510036237746
0.509452794307
0.508834765072
0.508261905201
0.507692511501
0.507088163468
0.506505944618
0.505919564378
0.505310825779
0.50473715115
0.504128882501
0.503514311064
0.502942791999
0.502293067725
0.501729353273
0.501120470803
0.500462712904
0.499893388115
0.499276932287
0.498711468279
0.498185381273
0.497532695538
0.496942433091
0.496354012194
0.495755047637
0.495127010675
0.494541198319
0.493962934224
0.493405345585
0.492705350496
0.492059203687
0.491482750969
0.490879299442
0.490309248306
0.489771595881
0.489123370418
0.488429040275
0.487895159455
0.487291448595
0.486655896738
0.486083895381
0.485438810884
0.484765687518
0.484199248271
0.483562668366
0.482963420643
0.482395589118
0.481784573194
0.481154894257
0.480557978676
0.479964708818
0.47931334938
0.478620600713
0.478028251239
0.4774224136
0.476834881687
0.476230453544
0.47558550667
0.474892898748
0.474374588545
0.473783877155
0.473204105575
0.472582240562
0.472000374975
0.471457323021
0.470882487485
0.470302487759
0.469594972942
0.469014969924
0.468365613763
0.467730141912
0.467131750503
0.466503787784
0.465984979639
0.465352186257
0.464694277747
0.464029942457
0.463501935166
0.462968055386
0.462426877504
0.46185089887
0.461336425885
0.460784201652
0.460127694109
0.45955970303
0.458951520997
0.458331425809
0.457712850966
0.457059146324
0.456535868775
0.455892015287
0.455296545608
0.454698842999
0.454000203453
0.453483671322
0.452932275323
0.452325486737
0.451745360027
0.45116456779
0.450598535585
0.449917682801
0.449352089211
0.448712978179
0.44814336154
0.447550547034
0.446927324179
0.446320537808
0.445685975294
0.445079477844
0.444527240349
0.443920966171
0.443364481108
0.442769468461
0.442168768363
0.441455272295
0.440868253791
0.440287005578
0.439710340985
0.439143649193
0.438622233465
0.43793863593
0.437194689912
0.43665763257
0.436106373039
0.435585994803
0.435060838052
0.434413039987
0.4338788132
0.433168379535
0.432629500997
0.432038676923
0.431544236512
0.430946160911
0.430345833799
0.42978611996
0.429247288369
0.428691695764
0.428109296289
0.427579358487
0.427002244203
0.426430916255
0.425854718619
0.425264943551
0.424765741769
0.424200424064
0.423644491254
0.423069375695
0.422471134221
0.421855164109
0.421352328491
0.420794605174
0.420252526044
0.419642819758
0.419103001696
0.418509256286
0.41791793283
0.417369776602
0.41677342913
0.416214794262
0.41556630279
0.414865940862
0.414296227742
0.413640709895
0.412908251386
0.41233395198
0.41181734856
0.411269156231
0.410725926227
0.410238360209
0.409728140672
0.409265274587
0.408696359593
0.408146087451
0.407528958886
0.406966274131
0.406386966635
0.405890453322
0.405340879579
0.404795950189
0.404229673638
0.403669959283
0.403068998099
0.402515674628
0.401880460174
0.401340693208
0.400708242011
0.400067966003
0.399528443268
0.398977022479
0.398421487387
0.397874594192
0.397338924509
0.396808277031
0.396314357349
0.395862320498
0.395247838808
0.394660786502
0.3940379295
0.393510030696
0.392985423396
0.392416449144
0.391854082176
0.39136015139
0.390798300103
0.39020058486
0.389678821667
0.389161746841
0.388562109043
0.38795571417
0.387372550734
0.386831621171
0.386220915707
0.385722909705
0.385219647387
0.384709173047
0.38398093411
0.383374859558
0.382940051956
0.382329900848
0.381827171555
0.381292220473
0.380775865465
0.380248282136
0.379643987879
0.379012290091
0.378501649843
0.377989417457
0.377482329965
0.376873203794
0.37636983005
0.375807753408
0.375280964498
0.374794484912
0.374288981494
0.373785018425
0.373348296747
0.372799017987
0.372301546877
0.371777688987
0.371238782475
0.370687582009
0.37015918306
0.369561543922
0.369076182039
0.368604340342
0.368079711731
0.367544173825
0.366995642143
0.366424277171
0.365895683989
0.365328972818
0.364753880254
0.364195130074
0.363692416077
0.363183858511
0.362666848045
0.362172131286
0.361723200384
0.361265190466
0.360738800482
0.3600974975
0.359543401765
0.359088099786
0.358621403597
0.358139510129
0.357581168798
0.357067939565
0.356538092557
0.355923311031
0.355423553216
0.35491406229
0.354366513143
0.353884826664
0.353382490917
0.352884730617
0.352482962093
0.351961555541
0.351332935144
0.350824396414
0.350314137787
0.349808437317
0.349247449417
0.348772205821
0.34819351396
0.347722904743
0.347176911639
0.346663429558
0.346114773188
0.34562936963
0.345135039458
0.344595379816
0.344078242116
0.343440706283
0.34299053708
0.342485891639
0.342026387166
0.341493587692
0.341059121558
0.34062513721
0.340185204037
0.339736609523
0.339304290782
0.338792708941
0.338371912745
0.337841920223
0.337340145632
0.336901045059
0.336420739533
0.335993151218
0.335483098292
0.335051799844
0.334580384874
0.334098333711
0.333595789355
0.333162397396
0.332753442231
0.332279004514
0.331785106185
0.331321489561
0.330926971193
0.330445245085
0.329931952909
0.329577351926
0.329009014639
0.328464567845
0.327865503364
0.327290032562
0.326826569738
0.326327436461
0.325911799361
0.325497532284
0.325014699863
0.324584627586
0.323978760124
0.323582632718
0.323109797112
0.322737629233
0.322203372678
0.321805031118
0.321382788477
0.320976560433
0.32057756472
0.320164200715
0.319695367673
0.31928335437
0.318740472002
0.318286908235
0.317757464425
0.317337067859
0.316878033224
0.316301474685
0.315784739222
0.315340370921
0.314906649019
0.31437357559
0.313956308802
0.313453966277
0.31307028096
0.312552889259
0.312062775709
0.311557323077
0.31108945897
0.310570586465
0.310133955547
0.309691923146
0.309320275531
0.308810035753
0.308389065209
0.307954653229
0.307407330487
0.306919353366
0.306489040303
0.306008600629
0.305466694659
0.304919265236
0.304468798714
0.304106783889
0.303716192461
0.303249883062
0.302736392664
0.302237020787
0.301754701264
0.301305978446
0.30086621309
0.300485646318
0.299818115647
0.299419428891
0.298974310598
0.298513867674
0.298085185037
0.297707761992
0.297264441744
0.29679908682
0.296371954724
0.295967506727
0.295626122997
0.295188756017
0.29465298992
0.29423737031
0.293735553978
0.293360655186
0.29296649483
0.292524360171
0.2920888222
0.291604435452
0.291210117475
0.290781060966
0.290350647969
0.289927665478
0.289407254917
0.288840928688
0.288469730946
0.288088101245
0.287541551254
0.286988461774
0.286564292803
0.286119549647
0.285719992261
0.285323613294
0.284948580937
0.284580790288
0.284185855258
0.283743473186
0.283384779151
0.282934256185
0.28255086648
0.282155000293
0.28177158043
0.281484178522
0.281016578097
0.280599666681
0.280200940758
0.279822096709
0.279401422478
0.279012582517
0.278564974213
0.278105300103
0.277671878123
0.277282978387
0.27684446441
0.276471841015
0.276122847603
0.275746158973
0.27540200492
0.274959899405
0.274471798093
0.273995885156
0.273558063901
0.27319060543
0.272862519603
0.272429603908
0.271955404574
0.27142272526
0.271047441159
0.270552174598
0.270164570248
0.269721711285
0.269277806323
0.26888970858
0.268516593794
0.268182335676
0.267825268314
0.267506137964
0.267113335292
0.266763143581
0.26624980645
0.265873321866
0.265320071008
0.264958070522
0.264550331473
0.264096357826
0.263587799161
0.263229281162
0.26269394122
0.262386763636
0.261983586363
0.261488929601
0.261151880682
0.260787728604
0.260298372147
0.259944240947
0.259599592993
0.259261842236
0.258796538833
0.258361484837
0.257943400872
0.257562145121
0.257104085991
0.256725694287
0.256382829111
0.256014578073
0.255685206937
0.255365143627
0.25496621183
0.254615335288
0.254222673421
0.253914127981
0.253597212522
0.25330533592
0.252919128792
0.252505521897
0.252166907226
0.251821387733
0.251466359727
0.251050870072
0.250634755459
0.250171645047
0.249806410672
0.24945670433
0.249056733149
0.248692023436
0.248454057713
0.248095524864
0.247735436678
0.247380894521
0.24696150769
0.246634737948
0.246241203198
0.245854262862
0.245513099892
0.245152358972
0.24474462841
0.244404050866
0.243986998032
0.243591366621
0.243207586366
0.242837659098
0.242527905535
0.242198703867
0.241844331043
0.241434505766
0.24094641965
0.240596058006
0.240123991046
0.239822757041
0.239393704893
0.239002926965
0.238687280887
0.238273835694
0.237908191985
0.237681940936
0.23730553786
0.236989737061
0.236725864346
0.236299634139
0.236003556361
0.235676872761
0.235427888119
0.235018246182
0.234726823547
0.234454870078
0.234073470616
0.233768657859
0.233298420078
0.232942910895
0.232567392598
0.232114125992
0.231764360513
0.231545190807
0.231165920101
0.230849883401
0.230477333585
0.230117141615
0.229851342497
0.22942555233
0.229151901277
0.228798289645
0.228504764687
0.228143855342
0.227862639623
0.227515304908
0.227162937762
0.22684211939
0.226498988495
0.226190881877
0.225889500021
0.225633665639
0.225232718173
0.224883726056
0.224534666434
0.224111853841
0.22380852103
0.223473606128
0.22312520933
0.222894985891
0.222543718069
0.222220217612
0.222143622668
0.221864413016
0.221568388983
0.221332095091
0.220979973453
0.220635142568
0.220253154829
0.219848001772
0.219620260855
0.219413869409
0.21904005808
0.218642432132
0.218426685624
0.217986972699
0.217759358082
0.217426220696
0.217054930565
0.216656663445
0.216295951156
0.215953762638
0.215586021669
0.215251346108
0.214869946554
0.21451160496
0.214262181958
0.214016768521
0.213838468866
0.213514312799
0.213162508963
0.212793727694
0.212447739131
0.212160872124
0.211761844027
0.211369489867
0.211152585224
0.210784333964
0.210524022734
0.210366650463
0.210009072663
0.209621197752
0.209331214369
0.208981621661
0.208609699678
0.208275697494
0.208075028198
0.207818191505
0.207531679092
0.207269393531
0.20680975211
0.206539124994
0.206201125452
0.205801839143
0.205616046435
0.205509124522
0.205319508432
0.205028799829
0.204542885623
0.204190435526
0.203899249981
0.203541105178
0.203224268628
0.202818567363
0.202556410422
0.202227230789
0.20187169548
0.201638924972
0.201378357106
0.201045591534
0.200798487821
0.20051586248
0.20017966285
0.199791471463
0.199451165475
0.199145306945
0.198870748251
0.198612225116
0.198250922098
0.19794030577
0.197669792275
0.197491842865
0.197098932513
0.196877228413
0.196592673802
0.196187034587
0.19584009486
0.19566540497
0.195331183675
0.19516434307
0.194847992901
0.194608868477
0.194353829452
0.194118628064
0.193819906523
0.193597096991
0.193224466656
0.192911052728
0.192694289785
0.19238364419
0.192275844691
0.192011470838
0.19175397143
0.191394052525
0.191128552978
0.190795643515
0.190462654226
0.190340355708
0.190193218834
0.190002610424
0.189700398448
0.189301998516
0.189013889258
0.188707764448
0.188501222401
0.188216915645
0.18800309421
0.187758798256
0.187472891805
0.187180404241
0.186952784445
0.186746285478
0.186718006648
0.186360394896
0.186096825692
0.185874112493
0.185557112312
0.185231738089
0.184964264751
0.184771626705
0.184411450719
0.184242578772
0.183963360914
0.183767026648
0.183481225327
0.183147698748
0.182795430941
0.182550095674
0.182346167525
0.181904036027
0.181579563283
0.181483716475
0.181116806086
0.180879137127
0.180558289663
0.180493246514
0.180102666845
0.179904979097
0.17972554749
0.179503006775
0.17929940972
0.179087847509
0.178802376555
0.178616622951
0.17845212445
0.178067559614
0.177918094623
0.177763995398
0.177630331375
0.177446563298
0.17713918791
0.176901115667
0.176599431295
0.176192299905
0.175846899725
0.175519906761
0.175361639911
0.175159907854
0.174967843705
0.17470049779
0.17442858419
0.174245096565
0.174095631667
0.173877069522
0.173499891914
0.173232767474
0.173021943331
0.17268368274
0.172437913058
0.172073763057
0.171766564942
0.171561904199
0.17140124632
0.171093994379
0.17084070144
0.170678924876
0.170566815877
0.170256821342
0.170169824942
0.169787094754
0.169507524685
0.16936440089
0.169280390859
0.168949335641
0.16866827731
0.168431079547
0.168169060506
0.167982856008
0.167678657807
0.167423923613
0.167237364903
0.166949471747
0.166621714391
0.166396155466
0.166053481795
0.165946852039
0.165529413215
0.165472379499
0.165424466548
0.165140552276
0.164930213396
0.164686609592
0.16444791797
0.164199811767
0.16404929543
0.163661697025
0.163454156431
0.163138403861
0.162961085248
0.1625891955
0.162445657664
0.162151810911
0.162071665457
0.161844966605
0.161610859026
0.161509239296
0.161263578315
0.161170281694
0.160906467461
0.16073405256
0.160455518189
0.16014889265
0.159884623732
0.159635723679
0.159258714021
0.159058955039
0.158770972846
0.158699877518
0.158319515815
0.15803937852
0.158097144519
0.157930709883
0.157555014952
0.157388502961
0.157099051898
0.156881045169
0.156637620242
0.156641983803
0.156437342715
0.156240215514
0.156000377242
0.155809670377
0.155583793574
0.15518581673
0.155058713811
0.154537755194
0.15429531771
0.153952156672
0.153685079761
0.153442977756
0.153218361207
0.15301805484
0.152834425289
0.152616330133
0.152484990196
0.152352505588
0.151970178169
0.151740398666
0.15168576
0.151511317552
0.15113600442
0.151002720025
0.151121914547
0.150857061126
0.15056004095
0.150302370363
0.15007900863
0.149837697072
0.14958069565
0.149365633792
0.149131530605
0.148807570839
0.148633473774
0.148550692601
0.14826510827
0.147917488035
0.147657844207
0.147540853407
0.147300294161
0.147030935948
0.146904185468
0.146681528633
0.14663994637
0.146398044418
0.146223305242
0.146082009764
0.145982945491
0.145808639909
0.145637387761
0.145487043891
0.145257123801
0.145122646474
0.144906573337
0.144849842072
0.144519775515
0.144321789627
0.144319206085
0.144165903056
0.144002216736
0.143801398305
0.143649518278
0.143573153304
0.143407969662
0.143087422984
0.143028747789
0.142870244771
0.142663579992
0.142485690932
0.142219297213
0.142095842604
0.141923268187
0.141695368927
0.141520957875
0.141502905364
0.141264685963
0.141119935614
0.14090481343
0.140711922924
0.14046864642
0.140402741639
0.140214109749
0.140188430381
0.139864843913
0.139693523278
0.139471609221
0.139174907152
0.139077211983
0.138972746358
0.138864262702
0.138601155619
0.138290367732
0.138118825228
0.138139980931
0.137869233272
0.137574196744
0.137384846097
0.137088799909
0.136885444284
0.1368391179
0.136774755892
0.136481428936
0.136356718292
0.136244896889
0.136050789389
0.136056709914
0.135921938459
0.135803294248
0.135692767968
0.13558643947
0.135557501392
0.135608312999
0.135588810956
0.135401475329
0.135361506855
0.135276199407
0.135284696857
0.135160154326
0.134862171338
0.134706707486
0.134378792581
0.134086291352
0.133935556968
0.13379286079
0.133546959843
0.133322767994
0.133175107456
0.132813704474
0.132586296102
0.132385120513
0.132187868041
0.131960209126
0.131740338197
0.131442077706
0.131067688467
0.130928948529
0.130807032612
0.13087820694
0.130593421681
0.130491458403
0.130335740518
0.130217209826
0.130061737034
0.129985852503
0.129786497538
0.129669578275
0.129393049393
0.129200125853
0.128934446215
0.128880783397
0.128700065525
0.128459152864
0.128352489628
0.12842438717
0.128330063827
0.128385601961
0.12829442634
0.128211824763
0.128005039046
0.127892800589
0.127675725675
0.127476575869
0.127402218446
0.127203023077
0.126947801523
0.126772896764
0.126526113906
0.126213100544
0.126073722259
0.125801476436
0.125664048005
0.125673380301
0.125685725123
0.125688200403
0.125439427216
0.125345199165
0.125092759786
0.125098784978
0.124884352947
0.124711791287
0.1247215346
0.124644463346
0.124416756381
0.124163240572
0.124049582109
0.123800759396
0.123629431949
0.123513462921
0.123603746203
0.123463760487
0.123281406674
0.123130959726
0.123031452728
0.122824805548
0.122731753087
0.122497840877
0.12235168257
0.122433048558
0.122307048519
0.122068039619
0.121756201521
0.121676983674
0.121488044376
0.121174978276
0.120979138953
0.120777897659
0.120765322859
0.120830235642
0.120829493949
0.120606154049
0.120448064189
0.120380408524
0.120308740946
0.120296853477
0.119996469035
0.120093224742
0.120226104645
0.120068281675
0.12002563913
0.120101846489
0.120042365539
0.119901498939
0.119964578006
0.119753761931
0.119695387376
0.119552690132
0.119501867254
0.119331764977
0.119400465793
0.119296771598
0.119248671249
0.11910752654
0.11880872425
0.118557445673
0.118473783543
0.118416075607
0.118543303152
0.118319350596
0.118447680042
0.118297837564
0.118074889212
0.118069119406
0.118015124152
0.117828415951
0.117693080321
0.117546531603
0.11746332862
0.1173164483
0.117326744708
0.117083878074
0.116895460778
0.116831153915
0.116636852625
0.116636459757
0.116452812857
0.1161202486
0.115998872279
0.115680444946
0.115331589
0.115257946109
0.115147831399
0.115188193368
0.115130135856
0.114963715914
0.114839677317
0.114699523782
0.114668425425
0.114786142854
0.114842193942
0.114597008213
0.1144105045
0.114318452765
0.114054980606
0.113934891801
0.113644187486
0.113544119832
0.113425659571
0.113329966631
0.113248296389
0.113015492837
0.113120957783
0.113031805807
0.11302684608
0.112845462951
0.112640150732
0.11262085959
0.112506184779
0.112420711446
0.112329856051
0.111997206024
0.111798114563
0.11150951651
0.11136403276
0.111341004075
0.111168000754
0.111152831866
0.111173902639
0.111068024466
0.111209745234
0.111087325799
0.111039413265
0.110858089786
0.110765769975
0.110515624826
0.110403722947
0.110528815559
0.110326305339
0.110333364714
0.110320886837
0.110089069385
0.109989705388
0.10993777969
0.109815025435
0.109978921727
0.10994717392
0.109828334784
0.109761016472
0.109813626304
0.109486170056
0.109339640479
0.109471039098
0.109221853473
0.109192473398
0.108917886054
0.108581414162
0.10853027876
0.108849754771
0.108856432135
0.108888646741
0.108835085085
0.108757132701
0.108686437876
0.108489001867
0.108203275971
0.108092360389
0.108088208111
0.108090951453
0.107998695948
0.107792709059
0.107766086684
0.107639815031
0.107499903284
0.107470867224
0.107604555133
0.10762520519
0.107545316888
0.107510899149
0.107428809656
0.107354784127
0.107107922659
0.107002712652
0.106905444486
0.10671531262
0.106527577561
0.106457797533
0.106269445004
0.106068516083
0.106023182027
0.106080141605
0.105985221567
0.105829017558
0.106119136728
0.105956165107
0.106020855648
0.105639225604
0.105740461193
0.105743018128
0.105590733637
0.105566046235
0.105313021168
0.105239236905
0.104943792487
0.104971677254
0.104886440798
0.104856501356
0.10481387571
0.104632895387
0.104641769911
0.104694799152
0.104620255202
0.104691192417
0.104496806257
0.104507082704
0.104422111226
0.104446593648
0.104317980932
0.104189034201
0.104280834741
0.104285916656
0.104217605008
0.104039397186
0.103900664708
0.103935789757
0.103734106147
0.10381118085
0.103806836785
0.103920863853
0.103812037932
0.103753757545
0.103477409611
0.103495069992
0.103257251779
0.103240766449
0.103186753187
0.102907848179
0.102859710928
0.102525153969
0.102439268919
0.102343706448
0.102300213963
0.102252469506
0.102190621522
0.102061994362
0.102181586791
0.102005374199
0.102047877662
0.101957341039
0.101749982669
0.101623899288
0.101600368323
0.10181123127
0.101857539446
0.101753274258
0.101568349078
0.101590503434
0.101708032909
0.101641733684
0.101411370102
0.101339304839
0.101071428397
0.100997817262
0.101122324405
0.101112655606
0.101071496187
0.101096414347
0.101149318234
0.101202650892
0.100930188444
0.100737550863
0.100620489144
0.100239903903
0.0999282756196
0.0998948142576
0.0997183512895
0.0996164256392
0.0995789474987
0.0995843731995
0.099624727475
0.0994704401549
0.0992412512577
0.0994749407165
0.0992377806546
0.0991873192
0.0989561188391
0.0987977740403
0.0986260309097
0.0984804688093
0.0984681627082
0.0983115285419
0.0984943953823
0.0985551923004
0.0983931678519
0.098299189786
0.098184248158
0.0980462162409
0.0978729205579
0.0976640522124
0.0976149843431
0.0975582512902
0.0974205214451
0.0974192275309
0.0973695148705
0.0973766044392
0.0971722388947
0.0968790611041
0.0968310208526
0.0967077434748
0.0966327460462
0.0966206142317
0.0966744431277
0.0963832204322
0.0961022258293
0.0960276301736
0.0960492676734
0.0959429067228
0.0957806804511
0.0956367244221
0.0956800968028
0.0957050766339
0.0958042332289
0.095693344314
0.0957484246283
0.0955800172079
0.0956199316228
0.0953858368645
0.0953845289086
0.0954400441424
0.095300833184
0.0951932024138
0.0953335379625
0.0952313849318
0.0952073790127
0.0953211878108
0.0954980360829
0.0955280312041
0.0953488815164
0.0950090556118
0.0949723084961
0.094961127757
0.0947948220148
0.0947500372745
0.094777513886
0.0947472914036
0.0944043488399
0.0944012202927
0.0944293217873
0.0944043364956
0.0943349207293
0.094144443023
0.0940327970163
0.0938749914775
0.0938270372922
0.0937228176469
0.0936848465334
0.0936352435897
0.0934291391933
0.0931725838553
0.0932674128332
0.0931491644263
0.0931166233766
0.0932043091154
0.092958481083
0.0930907897365
0.0929312897864
0.0927888121018
0.0926270055527
0.0924812616155
0.0924436702002
0.0923489502412
0.0923883080121
0.0923320121253
0.0923542412727
0.0922914131272
0.0922636252178
0.0920065740425
0.0919010190931
0.0920171330163
0.0922578527162
0.0922093331697
0.0921359060581
0.0919065726462
0.0921740660327
0.0921546995975
0.0921410601041
0.0921113136301
0.0921676807173
0.0920932725584
0.0920401660304
0.0921113969592
0.0921048289045
0.0919831211696
0.0918825549229
0.0918863096397
0.0917599783877
0.091531916128
0.0913061764857
0.0913192777108
0.0915192938408
0.0913389575081
0.0914088429526
0.0915010033158
0.0912277041216
0.0911431019447
0.0910930220785
0.0908293604527
0.0908724013308
0.0906607831242
0.0905634878625
0.0906091421405
0.0906361295505
0.0908163775973
0.0909327373265
0.0909177402262
0.0909835180519
0.0909601287585
0.090965714575
0.0911001440763
0.0908800252324
0.0908955907924
0.090904883827
0.0910634365805
0.0908548287798
0.0905499178307
0.0904009945096
0.0902029629785
0.0902258119912
0.0900954187267
0.090176692266
0.0901995646437
0.0901600146944
0.0900192339998
0.08988313918
0.0896247516288
0.0897653256639
0.0896489659206
0.0896202442479
0.0895293741614
0.089490741019
0.0895186460723
0.0894481584152
0.0893290214629
0.089374510591
0.0893417126439
0.0892458545001
0.0892275693305
0.0893001042918
0.0890332723625
0.0890232792125
0.0889855069966
0.0889953694866
0.0889233621365
0.0889601361354
0.0888268609674
0.0885798680496
0.0886923587066
0.0885108676392
0.0885147965296
0.0884014674959
0.0881079776622
0.0880486538419
0.0880171054191
0.0880050977297
0.088138763808
0.087935040183
0.0876864574145
0.0877134346608
0.0876896260361
0.0877085879056
0.0876331603501
0.0875111045257
0.08754447307
0.0876874097886
0.0875542030928
0.08775640787
0.0876690721258
0.0878085145827
0.0876388816558
0.0875528143859
0.087586187035
0.0874370439667
0.0874927970285
0.0875814106048
0.0874102215098
0.0872660292679
0.0872359205009
0.0874178254045
0.0875295181645
0.087485391893
0.0873789793976
0.0873601122947
0.0871443139884
0.0871997098829
0.0874096370066
0.0875154563512
0.0875315616804
0.0874696255854
0.0873937441263
0.087482047917
0.0874045134651
0.0872768563497
0.08754478254
0.0874775045357
0.0871566650415
0.0870451283637
0.0869499607687
0.0870026904392
0.086997151691
0.0868855773169
0.0865971926735
0.0865724478343
0.0867122274872
0.0868258534852
0.0868928657033
0.0866433556714
0.0867313956293
0.0866700858047
0.086644895865
0.0865975662658
0.0866619324275
0.0867498712453
0.08659795957
0.0865193369868
0.0864190602587
0.0863794120251
0.0864121165322
0.0865289053965
0.0865057888023
0.0862240635142
0.0860868649852
0.0862203865154
0.0863517998815
0.0862611519996
0.0859968579361
0.0859899619897
0.0862171448502
0.0861513365712
0.0860674512328
0.0861246941309
0.0859254240201
0.0859624177777
0.0859656035048
0.0859229037904
0.0858205678542
0.0857221204773
0.0854598962849
0.0853772276107
0.085529413019
0.0855036477156
0.0856272547943
0.0853995341327
0.0854491830569
0.0854232151504
0.0853831477383
0.0852514425446
0.0849978855028
0.0847858060901
0.0847426833187
0.0846183690504
0.0846599774492
0.0843916491584
0.0845150328733
0.0845116136719
0.0845268896296
0.0844787535689
0.0844008536549
0.0842947009311
0.0843972166163
0.0847663749348
0.0848588487549
0.0849539562267
0.0850368460944
0.0850084485359
0.0850624572112
0.084970620987
0.0851044739314
0.0849210891512
0.0849845505128
0.0848649912838
0.0850316965093
0.0851293047024
0.085045788481
0.0848893595719
0.0846648920345
0.0844523922408
0.0843724499655
0.084252849849
0.0840904819391
0.0840865732962
0.0838196729602
0.0836793112604
0.0835660819862
0.0836895507158
0.0836245277375
0.0837264042661
0.0836118664706
0.0836085621066
0.0833980800007
0.0833367019579
0.0832429998111
0.0831667813352
0.0830859513911
0.0829443018565
0.0829765372857
0.0829226009062
0.0828447172435
0.0826156024624
0.0830618772796
0.083372149259
0.0834110801354
0.083506899244
0.0834669932277
0.083684468071
0.0838417739721
0.0840244211822
0.0841345440749
0.0840914880544
0.0840912574034
0.0843153505923
0.0840127004857
0.0838950971163
0.0835702116793
0.0833733231396
0.0834283673438
0.0833098372455
0.0833437104615
0.0831378702797
0.0833731142052
0.0834388226472
0.0835430567166
0.0834388170681
0.0834253995821
0.0833173285227
0.0831577537836
0.0831317173959
0.0830392324123
0.0828594333311
0.0829885999
0.0833554398292
0.0834278267258
0.0833852128764
0.0833600348485
0.0833199115369
0.0830464270071
0.0830868953802
0.0828732797687
0.0828090924496
0.0826818772667
0.082977352412
0.0830079795933
0.0831376676194
0.0829888612842
0.0828386047572
0.082695931242
0.0824513435575
0.0824535421985
0.0823835611905
0.082277159916
0.0822628559066
0.0822957913622
0.0826048021175
0.082606534205
0.0824006196982
0.0825065608372
0.0822276831669
0.0820846145178
0.082144635364
0.0820812654661
0.0820128598629
0.0821093096987
0.0822579254605
0.0821374082622
0.0820208713212
0.0820604434372
0.0822533464153
0.0822133341179
0.0820279906314
0.0821793318412
0.0820857026398
0.0822211611676
0.082099859196
0.0820335521454
0.0822415709787
0.0819986775458
0.0818950543795
0.0820060068528
0.0822216317275
0.0822642605658
0.0823292581295
0.082289425063
0.0822359825287
0.0821884263524
0.082186574306
0.0822871009351
0.0820965714356
0.0820219559209
0.0820180986767
0.0820429811262
0.0820175282208
0.0820344439919
0.0819662208578
0.0821008073608
0.082135689622
0.0821995151494
0.0822151812734
0.0823751623042
0.0822971540736
0.0826249122902
0.0826840249475
0.0827709600597
0.0824221672943
0.0824193667171
0.0824521944276
0.0826411856032
0.0824707898648
0.0823958350361
0.0827505805005
0.0825955097164
0.0825282412888
0.0825743571589
0.0821921997893
0.0821063786169
0.0823021025318
0.0821761684085
0.0821294909148
0.0820791270694
0.0822296090249
0.0820825747756
0.0819661525461
0.0818702963137
0.0821865574767
0.0820722542755
0.0820476447302
0.0821126310406
0.0819629160544
0.0819592747036
0.0820430976328
0.0819407445751
0.0817061905999
0.081716865534
0.0817646610082
0.0819515460387
0.0820231626323
0.0820206353464
0.0817913264808
0.0815751951795
0.0816688129913
0.0816094520199
0.0817185397069
0.081843102222
0.0818022470349
0.0818219176249
0.0818480054854
0.0820285117247
0.0821569035757
0.0823999280937
0.0824874499496
0.08255817441
0.0827736253347
0.0828881822243
0.0827660791426
0.0825374412625
0.0827502707142
0.082546685656
0.0824428432168
0.082271149722
0.0822535591744
0.082051262386
0.0820020428068
0.0820455413871
0.0821358222026
0.0821568563347
0.0821793890876
0.0821132667193
0.0822036763068
0.0822688241763
0.0818614280323
0.0820353334656
0.0822007626683
0.0822050185996
0.0821468831102
0.0823473312697
0.0824433679264
0.0822854276302
0.0822047480731
0.0821686925517
0.0821430816449
0.0822376610645
0.0820458217326
0.0818324738571
0.0819399216371
0.0821011609879
0.081981493569
0.0820435020437
0.0820392720103
0.0820004498701
0.0819668944327
0.0820359221134
0.0820472755661
0.0822511393475
0.0821567285811
0.0821616809765
0.0821491938745
0.0822214153543
0.0821905613657
0.0822660721973
0.082050144803
0.0820265834691
0.0819787300223
0.0822282072247
0.0822779563744
0.0821667907653
0.0821338880134
0.0820072479287
0.0821851682182
0.0822262563231
0.0825264356265
0.0825990592031
0.0824227222163
0.0820492296729
0.0819665373351
0.0822127000069
0.0823286375903
0.0822065198085
0.0821985087972
0.0822050980862
0.0820424347341
0.0821071123869
0.0821973423454
0.0820933593701
0.0821748574752
0.0822702048222
0.0822270756692
0.0825354219114
0.0823151332998
0.0821166913531
0.0821664836526
0.0819989100332
0.0819201825016
0.081959250182
0.0819452055995
0.0818568612728
0.081773870344
0.0818508562544
0.0816527133426
0.0815411995418
0.0814380438555
0.0815434878085
0.0815571203143
0.081619174248
0.0816577637094
0.0815509772594
0.081382893449
0.0814371708562
0.0817447297936
0.0819726137346
0.0819953209576
0.0816937044278
0.0815762003307
0.0814231938183
0.0813153221915
0.0811858200386
0.0811929943571
0.0810725362521
0.080981683276
0.0810567985715
0.0808821583858
0.080661694988
0.080564316707
0.0805955423057
0.0808250784578
0.0809130495193
0.0806949215501
0.0807921261443
0.0811569608912
0.0813088670804
0.081446362442
0.0816044671316
0.0816388901395
0.0816042869026
0.0814696535675
0.0816163917897
0.0814905791883
0.0815051965569
0.081453036496
0.0817321391266
0.0816733093219
0.0815867927917
0.0815322148879
0.0815433419385
0.0816052093685
0.0813604245122
0.0814266534862
0.081463538121
0.0815116461013
0.0815740866393
0.0812699745295
0.0812881468154
0.081180569021
0.0811157993408
0.0811227152375
0.0811428991889
0.0813265424303
0.0816493790198
0.0815772234854
0.0815854814261
0.0814219813894
0.0812728492041
0.0812005454193
0.0813202897595
0.0809309089572
0.0809086406164
0.0809477964817
0.0808516524953
0.0809463866677
0.0809603271381
0.0809007203364
0.0810361791852
0.0812099771736
0.081259848021
0.0814348953354
0.0815709984121
0.0816726402735
0.081795333516
0.0816281440597
0.0816861090524
0.0816767832664
0.0812032546727
0.0811678016293
0.0813598862287
0.0813340796912
0.0812286002759
0.0812024549768
0.0811104022724
0.0811598821891
0.0812428273982
0.0810980132409
0.0811183105301
0.0811457381954
0.0808877680895
0.0811176883999
