0.543462692003
0.543433419038
0.543379868871
0.543278601447
0.543169838692
0.542973720524
0.542721884372
0.542489454398
0.542248555259
0.541945992132
0.541615110555
0.541230291107
0.540968307474
0.540561035434
0.540256508754
0.539854964078
0.539318724817
0.53882201127
0.538085112045
0.537447758039
0.536940545894
0.536344662851
0.535712346431
0.535280665798
0.534682658867
0.533937609726
0.533434342668
0.532581519492
0.531862779496
0.5313556758
0.530773398639
0.530099173486
0.529246497075
0.528323623401
0.527059771634
0.525647252028
0.524840109772
0.524163926347
0.523565678976
0.523047015301
0.521763981468
0.520803151639
0.52035605445
0.519746510494
0.519090011288
0.518070932741
0.517008146801
0.515777627623
0.514798719027
0.513906610293
0.512720557658
0.511715707636
0.510833474282
0.509581398711
0.508321083124
0.507434187587
0.506481294014
0.505579842017
0.504583420924
0.503541242081
0.502379552014
0.501567446175
0.500147158212
0.498864487211
0.498066972896
0.496841424084
0.496145106869
0.494885806752
0.493761413833
0.492424923812
0.491351320499
0.490024766023
0.488829619285
0.487823531639
0.486764225227
0.485736658729
0.485100640902
0.483757163955
0.482769280647
0.481785693819
0.480705163408
0.479610945352
0.47814348705
0.477105536494
0.475473270769
0.473918241162
0.472697652349
0.471367478878
0.470245930952
0.469036631657
0.468308983184
0.467328294988
0.466323691052
0.465247168757
0.463842263689
0.462676519337
0.461657101196
0.460243813531
0.459279356621
0.45835686344
0.457477097603
0.45648355967
0.454799353828
0.453286197455
0.451958112716
0.450288149366
0.449057044206
0.447771544305
0.44642444028
0.445282788413
0.443557155084
0.442411410147
0.441430330666
0.440731595246
0.439466794307
0.437752717969
0.436685741457
0.435654930203
0.434274467234
0.433019108541
0.432063692541
0.430749153679
0.429330322493
0.428575761029
0.427520611478
0.42639612646
0.425501083939
0.42444934308
0.423901775451
0.422615945229
0.421696345475
0.420675562269
0.419460628828
0.418497360601
0.417562688372
0.416698590864
0.415466008758
0.414876330566
0.414138702089
0.413232467424
0.41206374483
0.410993115849
0.409985847327
0.408622769444
0.407531608555
0.406119010056
0.405158590951
0.404151736968
0.403314594451
0.402225271384
0.401300792127
0.400273793189
0.399348054875
0.39802150623
0.397094200857
0.39640752249
0.395464951867
0.39477100003
0.393128862975
0.39149116725
0.390548661086
0.389818761805
0.388994996314
0.387223880194
0.386345841828
0.384965524185
0.383553084639
0.382494810961
0.381778791452
0.380379009018
0.379385939715
0.378307582141
0.377600708797
0.376646698314
0.375985314209
0.374818352958
0.373827544163
0.372802615305
0.372057548451
0.370923712763
0.37003807318
0.369105326382
0.368155578585
0.367346751538
0.365850483146
0.364800451578
0.363872456237
0.36247563556
0.36138014156
0.360077950576
0.359285050799
0.358427923189
0.357104675501
0.356482209999
0.355617264121
0.354955987373
0.353777229645
0.35259121474
0.3518492926
0.351070476145
0.350074762467
0.349419639981
0.348505731142
0.347458433342
0.34661453939
0.346017631137
0.34514387433
0.344710313982
0.343980477437
0.343519880624
0.342756413361
0.342030848319
0.340752939371
0.339781973887
0.338980830028
0.3385842863
0.337693110819
0.336818464739
0.336218693754
0.335503861297
0.334845855493
0.333844627476
0.333079018415
0.331985386702
0.330817170794
0.330260567562
0.329444851635
0.328369049951
0.327434214378
0.326474606143
0.325276972909
0.324597149897
0.32386100005
0.322941393161
0.322410688978
0.321492937329
0.320678106707
0.31974335949
0.318750979611
0.31798449518
0.317051952185
0.315886012464
0.315216946447
0.31451493794
0.313858936984
0.313045881452
0.312122856346
0.310990617411
0.310232675536
0.309690638116
0.308973939057
0.308300723526
0.307759068418
0.307111931309
0.306637461837
0.305819368914
0.305324278189
0.304531397394
0.303441467001
0.302653716739
0.301804881598
0.301018667465
0.300335289737
0.299593533245
0.299166599788
0.29855568801
0.297940880284
0.29749339903
0.296915059477
0.296245610816
0.295423269973
0.294588266694
0.294136886256
0.293483049372
0.292580588726
0.291933788568
0.291202026997
0.290595045906
0.289896332264
0.289603540555
0.289099881994
0.288435822481
0.287823448542
0.287162504509
0.286609059159
0.286094383373
0.285370857996
0.284907292727
0.284181511614
0.283653469023
0.283142582357
0.28240000141
0.281979635014
0.281417711509
0.280750467076
0.279724397806
0.278952573213
0.278568801228
0.277888216495
0.277381949865
0.276723000516
0.276362979455
0.27582439527
0.275010641016
0.274478469286
0.274034601795
0.273442136525
0.272890867238
0.272285948807
0.271662789515
0.271051745494
0.270542474096
0.269993073163
0.269652623206
0.268761266662
0.268235437575
0.267477106426
0.266933045315
0.266455938271
0.266222615608
0.265814481004
0.265331793252
0.264926328406
0.264476155881
0.26396739507
0.263446298097
0.263131932649
0.262781133897
0.262314016742
0.261603243781
0.261000073675
0.260587171296
0.260276965194
0.25968654241
0.259217927139
0.258496040917
0.257783420046
0.257188382926
0.256595380048
0.256059424959
0.255391794233
0.254884151869
0.25443511283
0.25408093499
0.253513111025
0.253151130584
0.252703965691
0.251978355539
0.251520344423
0.250734967853
0.249954166983
0.249206837683
0.248679446256
0.247964943149
0.247478175086
0.246777103359
0.246359274812
0.24563952157
0.245272560314
0.244883426262
0.244428387562
0.243656101569
0.243179813094
0.242542367713
0.2418886416
0.241421131184
0.24113270292
0.240822195545
0.240265471583
0.239688425936
0.23937701062
0.238978567383
0.238399824687
0.238089824194
0.237505728516
0.237019657615
0.236395058304
0.235940804321
0.235475134221
0.235173319205
0.234765634754
0.234346141177
0.233795386812
0.23322723441
0.232672359269
0.232287868927
0.231973716155
0.231671989563
0.231208882111
0.230942760422
0.230630755722
0.230099704447
0.229720889593
0.229362863654
0.228822632943
0.228511389785
0.228136131682
0.227790793435
0.227263440766
0.22684502057
0.226392994703
0.22601837355
0.225458730907
0.225259652052
0.224808043186
0.224427690219
0.224160648794
0.223775440264
0.223336204236
0.222958644441
0.222638412688
0.222339896019
0.221858823691
0.221564262075
0.221252786912
0.220823458176
0.220508995065
0.220002231111
0.219584438399
0.21905891592
0.218531167462
0.21807079976
0.217699733551
0.217108642954
0.216617874835
0.216336291824
0.216017404974
0.215626173139
0.215339863157
0.214948950514
0.214631048106
0.214125847179
0.213746271003
0.213416264348
0.213205939372
0.212759786535
0.21229031425
0.211937708729
0.211642352242
0.211268274725
0.210813489022
0.210412609488
0.210079219877
0.209849224245
0.209449385811
0.209000374825
0.208752673185
0.208257330542
0.207774520781
0.207488082397
0.207286547521
0.20692290771
0.206533971311
0.20629594356
0.205754539
0.205538225147
0.205106936203
0.204828573945
0.204527240453
0.204138251424
0.203836996192
0.203626177292
0.20337318835
0.202991110991
0.202592938765
0.202180769658
0.20190537051
0.201615556075
0.201320461849
0.200962676028
0.20064347949
0.200396639012
0.200164974154
0.199974416685
0.199803310674
0.199430591832
0.199096018418
0.198710195984
0.19835898804
0.198012774424
0.197627987161
0.197329068901
0.197135718873
0.19676174918
0.196366460779
0.195959293913
0.195668235409
0.195305285764
0.195030375749
0.19467018959
0.194325664993
0.194054238056
0.193780101995
0.193542948827
0.193313860005
0.192904082373
0.192612501444
0.192395300472
0.192240370758
0.191891105128
0.191729508152
0.1915083632
0.191381532058
0.190979372214
0.19085233505
0.190547193969
0.190309047828
0.190141866769
0.189785773043
0.189631058416
0.189408645622
0.189199117952
0.18900258564
0.188754654067
0.188642828106
0.188432634373
0.188258997847
0.188004928924
0.18773559661
0.187519021641
0.187260352884
0.187035025757
0.186719402602
0.186497598549
0.186374079486
0.186102013387
0.185831145861
0.185432346358
0.185040116003
0.18479998805
0.184588514755
0.184359728533
0.184150948592
0.184052570445
0.183791978225
0.18364620623
0.183347871841
0.183238825071
0.182983962437
0.182804207807
0.182647116308
0.182582760925
0.182537660582
0.182402761315
0.182025856615
0.181909284428
0.181727523802
0.181648170906
0.181492905744
0.181367679256
0.181195291325
0.181158263466
0.181033468566
0.180852662858
0.180756929281
0.180541431777
0.180426076349
0.180209105614
0.180055944902
0.179987808858
0.179862401619
0.179686846031
0.179578662598
0.179504294222
0.179389183853
0.179201503117
0.179041397481
0.178933941294
0.178863986638
0.178721676516
0.178615140193
0.178566869232
0.178580147887
0.178448702817
0.178323357018
0.177943860498
0.177869872372
0.177778569193
0.177483180214
0.177419038669
0.177269832544
0.177046392052
0.176827504468
0.176677292185
0.176499680033
0.176275905896
0.176125306023
0.176101083326
0.175921045974
0.175695957045
0.175612794505
0.175356107069
0.175193824789
0.174981599548
0.174850929472
0.174666087278
0.1745421242
0.174382972816
0.174131962544
0.174047967293
0.173880324941
0.173820930469
0.173722560848
0.173547736577
0.173426090407
0.173258389686
0.173065916437
0.172921382323
0.172711869958
0.172597396164
0.172240297273
0.172036617643
0.171736512452
0.171528003916
0.17141434116
0.171410319129
0.171162421407
0.170684061523
0.170445620215
0.170233082818
0.169996003317
0.169756181487
0.169552795882
0.169465797546
0.169325330267
0.169212869081
0.169169152686
0.169135721159
0.169021521165
0.169024598151
0.168866991017
0.168778712475
0.168746273588
0.168726583936
0.168594367964
0.16844085827
0.168316566802
0.168236544984
0.168062910891
0.167959178406
0.16791268239
0.167744410162
0.167684925539
0.167592331633
0.167503634657
0.167255233352
0.16710190142
0.166955340705
0.166957546565
0.166865935718
0.166701486238
0.166573955156
0.166403171188
0.166284808538
0.166244045381
0.166094888123
0.166027922643
0.165835556559
0.165753599108
0.165683247428
0.165495078302
0.165261227933
0.165247211231
0.165151427215
0.164958186863
0.164774465214
0.164607119423
0.164564643193
0.16447151873
0.164326707915
0.164268809861
0.164125404338
0.163899983273
0.163865854851
0.163738002189
0.163588423219
0.163323506501
0.16308144542
0.163158434294
0.16314720618
0.1630443125
0.163058592168
0.162923890455
0.162806503428
0.162804329667
0.162762359184
0.162833285872
0.162787473315
0.162726087585
0.16260685415
0.162495579671
0.162451293789
0.162234140989
0.162066272704
0.16192124155
0.161785610683
0.161608544707
0.16140757108
0.161257124824
0.161113651032
0.161118694245
0.161146829185
0.16107130005
0.161009735448
0.160882054564
0.160793637102
0.160667692967
0.160500262449
0.160279336416
0.160159944989
0.160052752306
0.160056875081
0.159753439671
0.159479045844
0.159347132474
0.159288051074
0.15922630792
0.159089602293
0.158980500056
0.158928540336
0.158888809745
0.158836449369
0.158746215612
0.158725218782
0.158735297516
0.158709126346
0.158641225492
0.158514298071
0.158464422293
0.158318011473
0.158227055746
0.158131636314
0.158112858163
0.157981340189
0.157747934629
0.157709107624
0.157553720418
0.15738739352
0.157344858488
0.157277200864
0.157204860459
0.1571568895
0.157004271019
0.156845488587
0.15657770107
0.156479055404
0.156370179657
0.156115750078
0.155937471268
0.155886501127
0.155682002408
0.155621624067
0.155605208324
0.155492556457
0.15544284716
0.155419876046
0.155408419573
0.155312124233
0.155249100819
0.155207942674
0.155076970111
0.154986478204
0.154964070682
0.154790289698
0.154763345784
0.154685188266
0.154642530449
0.154537629413
0.154480331107
0.154277432372
0.154236675739
0.154177269241
0.154085807745
0.153961953449
0.153917608277
0.153826140333
0.153687571437
0.15346866136
0.153279610195
0.153111767293
0.152973265211
0.152824998066
0.15274983533
0.15254605246
0.152468861437
0.152333055329
0.152237332776
0.152149343864
0.152076773741
0.152094413632
0.152036951273
0.152008291102
0.151910176391
0.15191979856
0.151823024744
0.151660012508
0.151543604707
0.151514686119
0.151508456303
0.151417357166
0.151418194543
0.151349892414
0.151289208349
0.15128316306
0.151332852493
0.151256423191
0.151229636566
0.151290632616
0.151283819361
0.151397037012
0.151420277229
0.151352816657
0.151311232599
0.15120789935
0.151149066313
0.151156692277
0.151094505656
0.150953301533
0.150873873461
0.15089794872
0.150855302383
0.150686216405
0.150634089054
0.150368030413
0.15035554686
0.150328656337
0.150246980756
0.15014168441
0.150105192104
0.149958937717
0.149907120015
0.149919878291
0.14980962744
0.149692352702
0.149736077396
0.149486206909
0.149413885577
0.149327012535
0.149288608456
0.149323315374
0.149327563586
0.149290140929
0.149295949916
0.149312402836
0.149272976497
0.149319795457
0.149316276756
0.1492342422
0.149193473342
0.149226074822
0.149101559585
0.148904789718
0.148777872893
0.148855884842
0.148866441595
0.148815844327
0.148992570013
0.148808937419
0.148712160968
0.148675893516
0.148563526352
0.148647353124
0.148582811661
0.148481657478
0.148346722059
0.148172651336
0.148126159146
0.14805147765
0.147891543248
0.147766914855
0.147641488342
0.147606059787
0.147547708514
0.147532592346
0.147465894051
0.147335291129
0.147336005066
0.147285465897
0.147338589671
0.147292115881
0.147287955163
0.147240279153
0.147209643527
0.147189334904
0.147247096588
0.147142334073
0.147132033687
0.147075104035
0.147051341439
0.147054509198
0.146942482942
0.147074786755
0.147027653711
0.146959536348
0.146986074534
0.14703665187
0.147115652484
0.147135884417
0.147056199685
0.147092312908
0.147121745529
0.147127921012
0.147196524494
0.147109932378
0.147108969868
0.147098492423
0.146998408864
0.146950982912
0.146833580738
0.146916534181
0.146743036547
0.146754809621
0.146642143218
0.146611619673
0.146501144704
0.146450891363
0.146434329322
0.146327845189
0.146302931761
0.146230699943
0.146138671978
0.146063100779
0.146038843251
0.145888939171
0.145841392794
0.145835704503
0.145737369946
0.145750656595
0.145758922928
0.145726559349
0.145580378573
0.145398901311
0.145368181815
0.145196459567
0.145121006871
0.145120177543
0.144997907427
0.144908016852
0.144787876609
0.144662678212
0.144605855907
0.144577018546
0.144549313382
0.144384309387
0.144327759603
0.14423501634
0.144186224428
0.144348564711
0.144429564075
0.144449347605
0.144354846348
0.144355002925
0.144420477491
0.144433726746
0.144420228458
0.144376968621
0.144339312835
0.144317176452
0.144229225326
0.144158946414
0.144138251627
0.144086346531
0.14410182814
0.144052812987
0.144019010037
0.143928472456
0.143709558756
0.143572015913
0.143488483156
0.143442307249
0.143396001904
0.143319247954
0.143194058521
0.14308807826
0.14298471758
0.142901741523
0.142861624768
0.142679875137
0.142648780738
0.142553367518
0.142433631249
0.142297397356
0.142246780981
0.142085472976
0.141960950584
0.141826854809
0.141884523145
0.141782388143
0.141695160761
0.141643610001
0.141516571313
0.141429540431
0.141436085894
0.141435263159
0.141321866818
0.141259846877
0.141185123768
0.141174359782
0.141112876747
0.141066798153
0.141089551947
0.141178115556
0.141194194162
0.141229153822
0.141331712357
0.141309508997
0.141330475824
0.141367849292
0.141259707932
0.141167258344
0.141309904976
0.141306373766
0.141265774914
0.141190503448
0.141353202969
0.141461219921
0.141408549724
0.141392060854
0.141359742607
0.141338959892
0.141331261297
0.141429335277
0.141472493867
0.141676833948
0.14150778447
0.141490621338
0.141440209158
0.141453519742
0.14138351445
0.141339848427
0.141202435659
0.141239051055
0.141122081956
0.141290161209
0.141329268161
0.141327983585
0.141311583702
0.14125421055
0.141258263978
0.141204560964
0.141189342934
0.140960524696
0.140972580476
0.140968498692
0.14098442299
0.141013718828
0.14107970356
0.141089015811
0.141071709672
0.140950695265
0.140835236509
0.140798369409
0.140820731377
0.140751458576
0.140678308718
0.140795288438
0.140820127613
0.140805261097
0.140758711079
0.140795644078
0.140762116709
0.140783012239
0.140758567959
0.140784813965
0.140789231142
0.140908077624
0.141041920511
0.141107468461
0.141085797511
0.140944427783
0.14088928708
0.140825536351
0.140702674897
0.140544814167
0.140282032484
0.140102772814
0.140117596494
0.140064611427
0.140059277756
0.140107525648
0.140242281271
0.14027663036
0.140273327832
0.140338428527
0.140248299293
0.140301600867
0.140388784423
0.140485338578
0.140446706878
0.14061392022
0.14069142682
0.140866927987
0.140909373529
0.140876731741
0.140857393367
0.140838798511
0.140799009086
0.140835336343
0.140952528203
0.140935018116
0.140903225597
0.140970163821
0.140890364541
0.140957886678
0.140931378135
0.140974041337
0.140979552616
0.141066752216
0.141095296125
0.141192763834
0.141173948965
0.141217781488
0.141202918689
0.141286050514
0.141390276531
0.141396384688
0.141482355017
0.141486692728
0.141372121739
0.141347562181
0.141221795069
0.141130225061
0.14107300716
0.140964076472
0.140842074027
0.140732764793
0.140612431312
0.140496697855
0.140437960134
0.140322367745
0.140259365871
0.140205810869
0.140025720525
0.140037021523
0.14002098799
0.139998362173
0.139906015668
0.139746340887
0.139601009645
0.139563946283
0.139446075331
0.139288069795
0.139187035776
0.139146132063
0.139167639321
0.13907335721
0.138980434486
0.138870261894
0.138792512356
0.138752501354
0.138732276611
0.138811354466
0.138888887246
0.139028256481
0.138964826175
0.13893395685
0.138871519848
0.138842238749
0.138756430462
0.138667407123
0.138487336604
0.138463494802
0.138525334165
0.138508942471
0.138513133026
0.138435488987
0.138453612652
0.138424993504
0.138385800219
0.138227339804
0.13817278556
0.138073681818
0.137924632077
0.137661912238
0.13771071794
0.137650288324
0.137518595073
0.137422249033
0.137400469362
0.137456007876
0.137408395255
0.137400587271
0.137401125949
0.137366329405
0.137310012902
0.137221117851
0.137137680687
0.137127899605
0.137018589668
0.136954438383
0.136806177378
0.136740532036
0.136684764368
0.136645862143
0.136703188472
0.136738202096
0.136830115358
0.136718463873
0.136676616398
0.136595678023
0.136616785279
0.13683483866
0.136825539721
0.136803124932
0.136851466394
0.136792088015
0.136854558897
0.13685378999
0.136766202682
0.136895756544
0.136987631001
0.136877917602
0.136855226508
0.136945341806
0.136881056727
0.136878091835
0.136863942962
0.136830427261
0.136878117377
0.13687160459
0.136866335843
0.136862363312
0.136901263708
0.136950128076
0.137035266302
0.137020213199
0.137068009952
0.137221528856
0.137416869808
0.137480731285
0.13742824536
0.13739269052
0.137525448896
0.137573650919
0.137606127312
0.137502843255
0.137519046876
0.137527935183
0.137477609062
0.137515197926
0.137524836104
0.137538231728
0.137500327355
0.137420229771
0.137354292928
0.137325852458
0.137205504117
0.13719096964
0.137220513631
0.13727395478
0.137297233107
0.137279125662
0.137255415313
0.137310073576
0.137257123528
0.137171240268
0.13705786903
0.137011154521
0.136998964062
0.136969232188
0.136967993052
0.137117329102
0.137153090383
0.137228221892
0.137172030831
0.137134569665
0.137129672432
0.137063333349
0.136972209279
0.136857349467
0.136842094556
0.136784874109
0.136669284006
0.136545480374
0.136544624297
0.136435053279
0.136471020833
0.136492523406
0.136456862579
0.136389769142
0.136429842852
0.136416952861
0.136422824965
0.136452563895
0.136467911627
0.136368356061
0.136306368399
0.136272887392
0.136147726752
0.13606731675
0.136054950768
0.136032367202
0.136071346997
0.136046852829
0.136045175402
0.136029231926
0.135955989454
0.135925975543
0.135880937648
0.135879617124
0.135871802928
0.13594565902
0.135927670559
0.136002201335
0.135966995758
0.135929411101
0.13600013502
0.136009570454
0.136058357215
0.13597498532
0.135968801355
0.13594674813
0.135904730467
0.135926258422
0.135945365365
0.135978947358
0.136099963956
0.136222446451
0.136272459309
0.136251764727
0.136265463793
0.13630449756
0.136417923168
0.136524265231
0.13657024435
0.13656733913
0.136590663084
0.136895519958
0.137076251518
0.13705319977
0.137073076552
0.137196384469
0.13738146764
0.137600628324
0.137755047066
0.137806506805
0.13794630639
0.137917555754
0.137966164449
0.138060504584
0.138123710125
0.138226319778
0.138182186507
0.138116193135
0.138174425585
0.138158372912
0.138146269677
0.138235669339
0.138192264655
0.138181577312
0.13819194234
0.13819441417
0.138117796421
0.138142616488
0.138185424146
0.138110202321
0.138026480875
0.137993134227
0.13796172469
0.137942723203
0.137814604375
0.1377784284
0.13787200069
0.137988910189
0.138042372498
0.138121972643
0.138114400965
0.138260340826
0.138170821394
0.1382711451
0.138292395747
0.13836826233
0.138332883026
0.138235669582
0.138147513397
0.138139807384
0.138148094122
0.138228124767
0.138242368573
0.138194079402
0.138109144072
0.137906921779
0.137833536207
0.137893954849
0.137959669009
0.137994445914
0.138142509798
0.138225165071
0.138224550227
0.138396036921
0.138484517473
0.138466546452
0.13865432708
0.138645686048
0.138512728664
0.138602951474
0.138510237844
0.138434761571
0.138377071712
0.138275485976
0.138163602684
0.138088273326
0.138024517683
0.137915018049
0.137828139102
0.137729129705
0.137691916636
0.137555214142
0.13747873641
0.13740462026
0.137308057626
0.137133133374
0.137126785335
0.137094941675
0.137062121703
0.136895878472
0.136846409355
0.136781859962
0.136635761145
0.136680102609
0.136654968464
0.13656902809
0.136629986026
0.136607222076
0.136609574808
0.136683863204
0.136708373038
0.136809006168
0.136858217326
0.136905961242
0.136829803851
0.136825773108
0.136928276982
0.136974182383
0.136922985949
0.136917463142
0.13696262618
0.136876341191
0.13685347213
0.136865456948
0.136838495801
0.136752077958
0.136673240138
0.136664760225
0.1366185953
0.13655770907
0.136539375028
0.136518329963
0.136547590919
0.136580307646
0.136574523613
0.136626006632
0.136534637332
0.136523068701
0.136545768181
0.136529233315
0.136429934723
0.136435410384
0.136431105941
0.136389666326
0.136318468763
0.136325860586
0.13633689871
0.136383718388
0.136350432161
0.136367316226
0.13634924502
0.136326974292
0.136196746782
0.136155262094
0.136097198747
0.136118745167
0.136121091195
0.135897246812
0.135832376828
0.135690959027
0.135672504859
0.135773952149
0.135734137573
0.135619944198
0.135615024746
0.135653532649
0.135587908935
0.135561485291
0.135632693049
0.13560401915
0.135629314862
0.135636009896
0.135503795074
0.135429269779
0.135324988066
0.135351752452
0.135269300662
0.135319655658
0.135343835268
0.135350170903
0.1353927125
0.135371554522
0.135332342032
0.135355176992
0.135285231667
0.135278194145
0.135247479926
0.135241588163
0.135233505941
0.135283980836
0.135208935483
0.13517289033
0.135195051649
0.135135308071
0.135189279394
0.135156077259
0.135112048326
0.135030980634
0.135098772748
0.135070821164
0.135137108291
0.135135408191
0.135215399275
0.135257428409
0.135263665555
0.135192341336
0.135217013427
0.135154809495
0.135236627016
0.135083969465
0.135111559336
0.135170865
0.135257984457
0.135303518652
0.135338306578
0.135242307943
0.13514915369
0.135181028349
0.134976446348
0.134975339014
0.135022593743
0.135063392349
0.135262825898
0.135214746408
0.135349160898
0.135380094404
0.135473022761
0.135488940911
0.135459372706
0.135478334247
0.135341914743
0.135527608149
0.135565312396
0.135636225668
0.135598525304
0.135619953028
0.135575991662
0.135575686558
0.13556272448
0.13546405252
0.135514329616
0.135337796318
0.135252096218
0.135117299777
0.135088062952
0.135009018099
0.13501997895
0.134941360966
0.134789454121
0.134785735082
0.134803619
0.134752748061
0.134837022073
0.134719470037
0.134836986869
0.134819835105
0.134787926555
0.134790435871
0.134834849096
0.134924219416
0.134906875142
0.134887366693
0.13501462454
0.134894124667
0.134847686745
0.134919010164
0.134831398369
0.134718863075
0.13467383835
0.134625845164
0.134781702829
0.134816249981
0.134803521868
0.13470485642
0.134636326348
0.134577093085
0.134616943236
0.134690973544
0.134760045045
0.134800491516
0.134912211485
0.135150639223
0.13519985463
0.135340441326
0.135394567668
0.135508999476
0.135590341753
0.135640656913
0.135739365445
0.136000360613
0.136068960685
0.136102791411
0.136236331049
0.136404439722
0.136426723002
0.136498123086
0.1365414192
0.136620945901
0.136672178463
0.136771901837
0.136800692998
0.136880799191
0.136891119787
0.136974148391
0.137028530097
0.137079247129
0.137089479182
0.137216775284
0.137211069548
0.137274716873
0.137344720099
0.137527550241
0.13769827763
0.13786677275
0.137953510471
0.137946816025
0.137907060067
0.13794765299
0.137925436778
0.137916288154
0.137902100918
0.137917756346
0.137926189985
0.137807674249
0.137773755902
0.137763172057
0.13781165198
0.137805931248
0.137758002299
0.137603672997
0.137661545287
0.137603553165
0.137573809552
0.13753512889
0.137448038709
0.137362404462
0.13724437264
0.137283360743
0.137162385857
0.137293929048
0.1373649502
0.137411729748
0.137409606078
0.137377687844
0.137352540529
0.137244985675
0.137258787678
0.137310976047
0.137263142713
0.137130357643
0.137184896902
0.137131345917
0.137240265151
0.137240981054
0.137162573103
0.137067828976
0.137071451014
0.136976370448
0.136977020717
0.136876351359
0.136688467049
0.136575265825
0.136558949737
0.136575325378
0.136587521972
0.136544431342
0.136516060552
0.136515259053
0.136567489489
0.136598171275
0.136485743998
0.136489607527
0.13651930655
0.136600035747
0.136544962929
0.136495774049
0.136469440951
0.13636520278
0.136305600187
0.136375473235
0.136411192792
0.136458289496
0.136491585453
0.136582976629
0.136525788631
0.136500619079
0.136509162351
0.136476236141
0.136474921741
0.136464201358
0.136424087465
0.13633248835
0.136329829857
0.136289121527
0.136261084166
0.136176260509
0.136022084678
0.136001924408
0.135933059036
0.135873159077
0.135708410509
0.135628024074
0.1356027076
0.135470048974
0.135252742796
0.13529352329
0.135296491678
0.135225345644
0.135187763456
0.135071845035
0.135051560463
0.134887348492
0.134785982999
0.134668894644
0.134666512007
0.134593373296
0.13464260262
0.134581797903
0.134628190971
0.134680938212
0.134651789461
0.134646255199
0.134616741066
0.134623701342
0.134510510125
0.134198992952
0.13418000239
0.134097553653
0.134115303675
0.134140766916
0.134075558416
0.134022330606
0.133965651308
0.133925893863
0.133927014116
0.13419458532
0.134204276582
0.134181647866
0.134089911917
0.134102044672
0.13408442054
0.133999570463
0.134009393992
0.133927623798
0.133831310413
0.133779358365
0.133775766092
0.133521687853
0.133454868495
0.133399757098
0.133364480446
0.133275893844
0.133343053986
0.133343894519
0.133263655061
0.133343193593
0.133259183875
0.133146163868
0.133104213596
0.133035616667
0.132898932386
0.132902454694
0.132964401233
0.13293646024
0.133014957884
0.133063637578
0.133017609501
0.132983676007
0.132985760206
0.13292382896
0.132869759697
0.132790055253
0.132625526934
0.132471013773
0.132400199337
0.132440156744
0.132355814074
0.13233446093
0.13230812408
0.132409831074
0.132395251695
0.132406468886
0.132451081137
0.13238615234
0.132484717606
0.132492718802
0.132469940658
0.132399689412
0.132390280677
0.132391558131
0.132504055024
0.132599225264
0.132653441954
0.132670477306
0.132647625359
0.132606315771
0.132641885689
0.132665275925
0.132614240147
0.132554936024
0.132524840507
0.132484351787
0.132417638517
0.132346242746
0.13251134352
0.132591255572
0.132651120757
0.13257293921
0.132598945234
0.132730797858
0.132758530359
0.132849586168
0.132870092753
0.132897749321
0.132964039417
0.13307620177
0.13312304246
0.133269265234
0.133262644866
0.133333823371
0.133487744678
0.133529191716
0.133559784041
0.133580216673
0.133616536826
0.133776337263
0.133833452748
0.134002750657
0.134106258066
0.134165548135
0.134188829393
0.134163211325
0.13408601515
0.134070589699
0.134087477358
0.134028370004
0.134102149197
0.134300503422
0.134413235173
0.134401608768
0.134426087096
0.134508058627
0.134618427438
0.134721308219
0.134754163626
0.134739630087
0.134778006031
0.134723063594
0.134678216955
0.134710097069
0.134594221853
0.134629632884
0.134697621982
0.134658992056
0.134613180788
0.134622728632
0.134604017059
0.13470580635
0.134769696517
0.134938173552
0.135114619363
0.135111428944
0.135093626044
0.135002502052
0.135079539154
0.135100437501
0.135194322991
0.13532006107
0.135480925927
0.135521054888
0.135552827375
0.135627597421
0.135706691612
0.135759295254
0.135859258147
0.13604839143
0.136218506091
0.136451532416
0.13650290184
0.13656799255
0.13654034304
0.136639283791
0.136739869715
0.136715939106
0.136955434464
0.137115397974
0.137202927633
0.137382763007
0.137453394132
0.137589436211
0.137633986287
0.137708167352
0.137738870608
0.137737930296
0.137672903429
0.137616462125
0.137568057854
0.137517803523
0.137473906
0.137436453125
0.137315494827
0.137233530827
0.137156820884
0.137145616012
0.137151561883
0.137124780701
0.137146211875
0.137196960723
0.137211714559
0.137243920115
0.137314031017
0.137366173537
0.137369909953
0.137363866342
0.137323423564
0.137327910884
0.137211051614
0.137232254726
0.137237859103
0.137227515139
0.137188079934
0.137028169402
0.137113233818
0.137078361546
0.137035350487
0.137075933304
0.136996505582
0.136905247353
0.136955899689
0.136826064129
0.136946467839
0.13692340416
0.136870395989
0.136721142648
0.136623085946
0.136519854555
0.136535331674
0.136674445136
0.136658611692
0.136700320787
0.136762828958
0.13676012944
0.136784505856
0.136808360394
0.136798970116
0.136838360704
0.136848511893
0.136797263058
0.136748175396
0.136771057857
0.1368374222
0.13691345196
0.136978706464
0.137049500854
0.137061040845
0.137273540972
0.137273865693
0.137202890837
0.137218842892
0.137225283916
0.13725724882
0.137348732976
0.137299773742
0.137224455162
0.137133486927
0.13710121349
0.136978866179
0.136878722496
0.136807527256
0.136778616006
0.136742584045
0.136746994168
0.136639222409
0.136504062929
0.13644783087
0.136359976923
0.136212897804
0.136249014732
0.136219014615
0.136250328757
0.136154660991
0.136277246305
0.136343607471
0.136269274391
